729
3
1 83 35
1 69 49
1 251 3
2 252 8
2 200 31
2 115 -5
3 378 -3
3 79 -10
3 271 40
4 668 47
4 616 17
4 652 15
5 151 -4
5 601 10
5 48 45
6 564 -1
6 187 15
6 13 -7
7 46 22
7 310 49
7 192 49
8 579 24
8 553 15
8 85 4
9 358 -8
9 133 -5
9 520 26
10 142 29
10 530 28
10 377 14
11 280 -3
11 605 31
11 460 10
12 580 48
12 353 3
12 490 5
13 342 45
13 588 -3
13 443 19
14 571 48
14 384 -5
14 221 -6
15 642 24
15 668 6
15 689 45
16 645 -8
16 584 47
16 3 -2
17 275 50
17 174 49
17 272 42
18 466 13
18 369 37
18 651 6
19 654 48
19 235 16
19 294 -5
20 593 9
20 666 -8
20 584 12
21 236 30
21 437 38
21 256 29
22 712 17
22 329 -5
22 435 31
23 80 39
23 173 45
23 452 -2
24 149 30
24 173 16
24 129 -6
25 224 24
25 686 48
25 335 10
26 113 22
26 694 0
26 525 -8
27 75 16
27 215 3
27 540 50
28 396 22
28 561 3
28 723 21
29 586 22
29 331 31
29 2 9
30 724 -8
30 682 35
30 239 32
31 434 25
31 71 4
31 719 26
32 213 13
32 316 21
32 109 27
33 531 32
33 537 49
33 493 20
34 619 -10
34 685 24
34 503 33
35 79 16
35 117 0
35 444 17
36 435 50
36 695 24
36 331 40
37 718 16
37 370 1
37 606 35
38 61 6
38 646 -8
38 662 42
39 583 34
39 225 17
39 728 13
40 149 22
40 704 36
40 187 -5
41 667 35
41 352 23
41 371 26
42 409 44
42 560 -7
42 360 -4
43 376 35
43 668 -3
43 435 30
44 129 19
44 159 20
44 645 38
45 7 -4
45 375 18
45 153 42
46 301 5
46 406 -6
46 613 25
47 154 19
47 585 5
47 16 -10
48 179 18
48 323 47
48 300 17
49 278 3
49 371 38
49 557 50
50 173 41
50 601 37
50 704 7
51 318 -7
51 605 31
51 392 -5
52 663 -8
52 156 34
52 602 -6
53 145 49
53 459 43
53 479 8
54 451 6
54 336 1
54 92 -5
55 344 42
55 604 -2
55 693 25
56 68 12
56 2 42
56 376 12
57 678 -10
57 664 44
57 470 19
58 722 12
58 679 38
58 529 17
59 485 30
59 674 -9
59 213 -1
60 31 46
60 378 39
60 249 29
61 425 2
61 5 23
61 421 27
62 116 20
62 543 -1
62 282 15
63 501 5
63 628 -5
63 438 12
64 143 35
64 428 0
64 544 26
65 171 44
65 562 18
65 198 3
66 161 -2
66 426 41
66 307 8
67 459 -4
67 509 -3
67 623 -4
68 511 15
68 433 34
68 518 23
69 713 34
69 310 42
69 273 8
70 670 25
70 161 -9
70 678 11
71 617 46
71 322 -5
71 380 -4
72 220 45
72 199 50
72 320 31
73 667 26
73 170 -9
73 513 41
74 239 -7
74 251 20
74 520 39
75 265 13
75 117 10
75 297 -5
76 90 4
76 129 43
76 377 48
77 274 46
77 153 50
77 101 16
78 638 36
78 129 47
78 626 28
79 376 -6
79 415 27
79 4 28
80 641 18
80 700 37
80 243 -9
81 652 42
81 260 8
81 421 -5
82 667 41
82 103 21
82 491 43
83 224 49
83 193 -1
83 463 21
84 165 27
84 393 37
84 43 -9
85 374 8
85 62 48
85 280 34
86 128 -6
86 335 7
86 532 -1
87 463 24
87 472 23
87 523 16
88 699 -7
88 287 33
88 518 39
89 168 39
89 484 29
89 635 19
90 237 -7
90 180 12
90 302 -7
91 681 33
91 252 29
91 573 19
92 78 -6
92 638 -3
92 686 -6
93 586 -2
93 706 38
93 150 47
94 458 16
94 204 9
94 629 11
95 702 42
95 422 36
95 312 38
96 25 -8
96 39 41
96 594 34
97 338 39
97 261 36
97 603 19
98 603 26
98 243 2
98 8 46
99 605 42
99 653 42
99 173 49
100 278 1
100 222 34
100 418 16
101 222 5
101 721 9
101 397 5
102 282 8
102 473 27
102 223 5
103 350 -2
103 300 24
103 711 18
104 31 4
104 405 22
104 232 27
105 206 45
105 271 12
105 379 42
106 138 6
106 342 31
106 411 -9
107 437 40
107 247 42
107 639 30
108 493 28
108 205 30
108 368 24
109 419 -1
109 88 41
109 314 -7
110 443 -1
110 393 3
110 542 46
111 35 10
111 146 34
111 353 6
112 374 16
112 149 41
112 84 22
113 429 16
113 335 33
113 381 44
114 439 37
114 667 -7
114 687 40
115 425 30
115 287 26
115 127 -2
116 55 29
116 279 6
116 669 34
117 554 -8
117 312 37
117 440 38
118 1 13
118 483 -10
118 619 41
119 537 3
119 178 -7
119 641 30
120 677 43
120 172 48
120 115 47
121 632 50
121 259 0
121 173 50
122 142 32
122 686 25
122 498 17
123 484 -8
123 542 0
123 706 33
124 423 -10
124 459 29
124 285 28
125 308 19
125 144 37
125 590 47
126 550 4
126 9 34
126 531 39
127 146 25
127 338 49
127 323 44
128 38 41
128 396 -4
128 216 37
129 408 44
129 444 23
129 705 35
130 268 -3
130 29 8
130 346 14
131 611 23
131 672 10
131 141 -4
132 598 16
132 497 9
132 77 3
133 473 44
133 344 50
133 297 38
134 84 18
134 669 9
134 203 -4
135 266 39
135 547 11
135 691 29
136 195 18
136 161 6
136 174 46
137 418 43
137 286 12
137 715 22
138 443 43
138 54 42
138 687 50
139 318 5
139 326 47
139 523 -6
140 565 -4
140 607 -7
140 679 7
141 522 24
141 620 8
141 96 34
142 79 9
142 422 -1
142 180 1
143 728 13
143 604 41
143 507 24
144 217 39
144 432 -3
144 260 46
145 7 50
145 292 50
145 3 8
146 404 27
146 679 36
146 172 14
147 21 1
147 106 34
147 702 14
148 669 35
148 45 9
148 392 -8
149 317 11
149 333 47
149 276 39
150 100 27
150 151 26
150 31 44
151 394 44
151 513 25
151 146 3
152 20 5
152 525 24
152 542 14
153 237 18
153 234 29
153 393 49
154 164 5
154 42 12
154 690 35
155 672 39
155 241 50
155 409 23
156 104 1
156 585 42
156 19 32
157 645 19
157 330 27
157 624 -6
158 75 33
158 691 35
158 646 28
159 96 47
159 85 -8
159 442 15
160 514 -6
160 117 7
160 667 24
161 352 44
161 690 41
161 719 41
162 704 48
162 612 35
162 101 18
163 155 1
163 396 4
163 73 34
164 579 24
164 31 8
164 38 0
165 213 14
165 418 -10
165 521 -6
166 210 28
166 232 3
166 223 -9
167 672 43
167 139 50
167 617 15
168 223 21
168 343 47
168 317 26
169 39 1
169 73 11
169 212 47
170 62 6
170 163 -3
170 182 7
171 99 28
171 276 20
171 675 46
172 509 41
172 102 11
172 323 0
173 108 46
173 226 48
173 23 -1
174 639 22
174 709 7
174 496 35
175 98 33
175 111 5
175 5 4
176 70 39
176 509 33
176 263 7
177 187 24
177 488 29
177 560 50
178 6 21
178 123 2
178 301 18
179 712 41
179 616 23
179 30 14
180 321 11
180 95 12
180 191 -3
181 653 44
181 199 36
181 106 41
182 375 -8
182 478 43
182 345 28
183 334 -7
183 640 46
183 80 48
184 250 24
184 289 42
184 301 26
185 212 45
185 607 6
185 27 40
186 477 29
186 197 38
186 456 7
187 382 45
187 163 15
187 135 35
188 146 -1
188 693 42
188 697 11
189 372 -4
189 80 39
189 367 19
190 456 30
190 243 14
190 638 -8
191 139 29
191 149 25
191 487 -10
192 641 9
192 318 28
192 325 19
193 693 38
193 317 26
193 49 21
194 248 -6
194 254 47
194 34 -3
195 393 21
195 532 6
195 6 34
196 310 2
196 651 3
196 95 40
197 466 -10
197 394 49
197 582 17
198 48 13
198 375 29
198 103 0
199 91 16
199 469 40
199 286 34
200 549 1
200 426 32
200 40 29
201 519 29
201 582 44
201 591 41
202 547 15
202 222 17
202 385 -3
203 15 32
203 96 -7
203 715 25
204 87 31
204 587 40
204 437 25
205 556 2
205 612 35
205 36 34
206 612 41
206 392 50
206 709 15
207 580 16
207 12 4
207 64 -4
208 563 38
208 396 23
208 126 26
209 389 24
209 661 50
209 308 29
210 707 36
210 724 -8
210 152 -2
211 388 38
211 513 0
211 293 27
212 268 35
212 278 35
212 579 6
213 38 32
213 128 27
213 583 -5
214 618 21
214 294 -2
214 89 35
215 199 36
215 216 26
215 274 15
216 268 -8
216 681 19
216 662 22
217 608 -2
217 499 24
217 205 41
218 329 11
218 722 10
218 342 3
219 42 -3
219 339 2
219 300 28
220 602 12
220 180 9
220 13 49
221 568 39
221 715 3
221 53 30
222 565 42
222 322 5
222 113 14
223 424 1
223 397 22
223 5 12
224 597 3
224 381 10
224 472 25
225 671 41
225 201 9
225 286 24
226 170 44
226 340 -8
226 414 40
227 664 24
227 31 -1
227 627 -7
228 211 35
228 308 -6
228 637 -10
229 301 -8
229 33 48
229 594 14
230 206 43
230 622 50
230 104 46
231 83 34
231 716 31
231 155 -3
232 399 50
232 248 12
232 375 13
233 330 45
233 584 3
233 170 40
234 153 9
234 255 29
234 225 36
235 358 31
235 484 19
235 113 -3
236 599 2
236 201 11
236 363 40
237 615 -10
237 41 4
237 147 29
238 451 -7
238 132 46
238 104 36
239 258 -7
239 708 10
239 357 19
240 452 26
240 653 50
240 183 31
241 207 40
241 188 24
241 321 46
242 450 27
242 122 42
242 648 41
243 621 10
243 564 -6
243 153 0
244 131 40
244 497 34
244 492 2
245 442 19
245 649 48
245 286 43
246 419 7
246 214 33
246 538 18
247 191 -2
247 267 1
247 46 25
248 238 8
248 467 14
248 186 -7
249 148 37
249 452 23
249 499 1
250 337 -3
250 477 44
250 32 17
251 513 18
251 681 -8
251 536 43
252 680 -6
252 398 29
252 76 5
253 258 10
253 148 -5
253 357 15
254 239 41
254 493 5
254 374 47
255 660 31
255 120 -7
255 613 34
256 709 10
256 223 50
256 706 13
257 595 29
257 544 24
257 530 23
258 104 33
258 539 -10
258 178 24
259 187 1
259 6 10
259 347 28
260 18 32
260 401 -4
260 123 37
261 448 35
261 444 -10
261 10 49
262 242 9
262 161 18
262 238 2
263 350 13
263 211 14
263 354 42
264 189 3
264 169 48
264 677 25
265 43 6
265 169 12
265 608 12
266 358 18
266 474 -8
266 490 9
267 122 39
267 390 40
267 621 28
268 27 4
268 266 34
268 298 50
269 682 44
269 144 34
269 667 0
270 363 -10
270 233 12
270 58 6
271 686 42
271 319 19
271 142 -5
272 126 3
272 135 48
272 197 2
273 590 7
273 187 3
273 86 29
274 44 6
274 309 12
274 120 -8
275 52 -4
275 665 6
275 59 45
276 291 37
276 132 38
276 576 22
277 247 6
277 617 27
277 76 -5
278 235 40
278 83 17
278 275 7
279 144 2
279 618 18
279 648 -1
280 689 11
280 463 -1
280 578 30
281 635 41
281 654 35
281 151 4
282 719 9
282 224 36
282 78 31
283 471 10
283 265 24
283 55 -1
284 367 -3
284 329 -7
284 622 7
285 615 15
285 309 -5
285 157 -6
286 93 18
286 561 -6
286 341 30
287 707 45
287 487 16
287 395 17
288 648 10
288 100 47
288 151 17
289 709 -4
289 659 44
289 641 33
290 603 45
290 145 6
290 37 24
291 79 33
291 224 15
291 59 32
292 39 17
292 266 32
292 243 6
293 627 -9
293 599 27
293 680 27
294 693 13
294 204 21
294 56 34
295 213 2
295 324 42
295 375 14
296 329 23
296 461 42
296 336 0
297 411 31
297 7 -5
297 622 9
298 470 5
298 697 32
298 255 6
299 650 47
299 660 14
299 502 20
300 319 -5
300 14 4
300 167 36
301 41 17
301 236 27
301 261 -2
302 668 -7
302 527 19
302 346 -10
303 565 26
303 708 8
303 395 49
304 700 43
304 131 41
304 633 28
305 15 2
305 361 12
305 653 12
306 470 33
306 22 49
306 626 4
307 650 27
307 249 8
307 669 48
308 623 22
308 38 25
308 24 37
309 276 41
309 36 3
309 21 50
310 662 4
310 3 19
310 400 13
311 248 18
311 529 12
311 353 20
312 19 17
312 715 11
312 447 16
313 168 48
313 96 44
313 360 -2
314 66 38
314 302 10
314 383 42
315 619 26
315 83 43
315 531 20
316 622 -8
316 100 50
316 42 28
317 638 -4
317 386 11
317 81 26
318 250 8
318 265 33
318 142 17
319 334 21
319 630 -1
319 641 42
320 606 -7
320 318 48
320 138 32
321 114 4
321 178 22
321 77 32
322 241 8
322 619 41
322 138 28
323 530 50
323 673 3
323 487 43
324 527 7
324 312 32
324 570 30
325 727 -8
325 199 37
325 542 -2
326 108 16
326 559 6
326 684 49
327 430 39
327 470 29
327 46 49
328 385 30
328 177 -3
328 583 13
329 97 1
329 133 10
329 80 -2
330 259 -8
330 451 6
330 315 49
331 104 -3
331 343 0
331 84 49
332 681 44
332 700 -10
332 162 14
333 255 5
333 244 10
333 660 14
334 36 9
334 663 22
334 438 5
335 273 43
335 116 30
335 439 39
336 471 9
336 220 44
336 535 25
337 496 4
337 558 32
337 499 39
338 465 27
338 664 -1
338 342 38
339 537 42
339 520 28
339 4 21
340 406 0
340 410 45
340 557 24
341 699 37
341 108 42
341 404 -9
342 70 -4
342 319 13
342 715 8
343 491 31
343 214 15
343 99 36
344 184 -10
344 658 6
344 659 28
345 237 40
345 257 16
345 476 48
346 377 -3
346 212 8
346 116 0
347 386 28
347 380 26
347 45 -2
348 343 -9
348 184 -7
348 63 12
349 137 13
349 661 45
349 624 40
350 478 28
350 520 1
350 382 35
351 298 -10
351 108 28
351 303 10
352 525 33
352 181 13
352 315 -1
353 63 30
353 352 15
353 625 10
354 697 -9
354 557 4
354 684 -8
355 298 23
355 465 50
355 699 29
356 407 24
356 275 0
356 441 17
357 627 -9
357 414 20
357 481 -10
358 185 10
358 35 12
358 129 46
359 694 35
359 517 13
359 30 -6
360 317 48
360 639 30
360 148 21
361 610 20
361 43 8
361 287 44
362 102 20
362 353 41
362 381 41
363 127 48
363 681 38
363 551 26
364 606 28
364 321 -7
364 662 37
365 574 15
365 391 -8
365 591 12
366 408 -4
366 729 5
366 46 -4
367 565 2
367 357 32
367 1 17
368 464 39
368 366 48
368 433 49
369 73 26
369 621 19
369 34 45
370 501 36
370 297 44
370 622 0
371 7 4
371 428 1
371 286 -2
372 386 43
372 98 37
372 589 -3
373 196 -2
373 268 -7
373 214 -9
374 314 31
374 129 32
374 599 44
375 130 50
375 574 3
375 463 1
376 2 10
376 40 31
376 168 49
377 555 -8
377 444 27
377 214 50
378 232 -3
378 635 18
378 507 -10
379 522 47
379 135 40
379 213 9
380 608 42
380 644 8
380 37 -7
381 647 1
381 194 -5
381 509 44
382 194 43
382 549 36
382 398 12
383 600 5
383 105 3
383 321 34
384 28 35
384 672 -1
384 312 11
385 599 5
385 507 -2
385 712 19
386 89 32
386 164 6
386 349 1
387 455 20
387 165 25
387 415 34
388 224 -5
388 456 8
388 21 31
389 491 -5
389 139 22
389 409 25
390 698 35
390 349 17
390 158 50
391 465 -4
391 335 31
391 222 14
392 62 19
392 662 45
392 15 49
393 675 21
393 248 34
393 405 -1
394 252 35
394 59 6
394 168 36
395 181 32
395 489 37
395 612 7
396 190 2
396 32 44
396 568 24
397 416 11
397 440 23
397 705 33
398 683 32
398 382 -4
398 216 -7
399 149 -10
399 722 25
399 392 35
400 484 14
400 398 6
400 701 23
401 292 -8
401 663 -9
401 617 35
402 117 -2
402 419 13
402 421 28
403 17 3
403 172 31
403 155 -10
404 17 45
404 144 -1
404 30 2
405 181 16
405 275 8
405 627 1
406 575 -3
406 220 46
406 358 14
407 101 47
407 707 30
407 498 18
408 564 35
408 482 50
408 22 26
409 442 2
409 671 35
409 199 33
410 497 39
410 9 27
410 244 31
411 298 7
411 365 34
411 258 15
412 644 37
412 570 26
412 141 -6
413 175 44
413 488 39
413 479 -6
414 129 38
414 14 -9
414 466 33
415 410 45
415 428 10
415 199 28
416 682 48
416 672 29
416 585 17
417 716 32
417 77 25
417 460 15
418 404 43
418 35 32
418 139 37
419 151 29
419 146 26
419 506 20
420 530 8
420 510 29
420 713 27
421 616 9
421 234 27
421 653 19
422 598 10
422 39 10
422 198 -1
423 668 40
423 594 24
423 17 32
424 190 26
424 125 16
424 105 23
425 400 29
425 540 37
425 43 4
426 640 31
426 383 33
426 441 37
427 695 1
427 503 46
427 581 17
428 363 26
428 61 27
428 159 12
429 578 37
429 38 50
429 476 33
430 348 40
430 725 7
430 557 32
431 712 30
431 465 15
431 21 21
432 146 3
432 241 47
432 532 37
433 671 41
433 262 50
433 357 6
434 19 31
434 490 14
434 620 27
435 219 18
435 721 27
435 347 33
436 245 25
436 549 30
436 163 4
437 4 15
437 111 -5
437 281 41
438 697 47
438 453 25
438 573 34
439 357 27
439 142 12
439 53 22
440 211 43
440 487 -7
440 600 2
441 436 -10
441 167 26
441 52 31
442 663 38
442 58 -9
442 354 35
443 140 -8
443 560 37
443 410 -10
444 257 18
444 707 22
444 185 48
445 190 1
445 212 7
445 100 15
446 679 10
446 412 42
446 359 38
447 685 15
447 552 33
447 220 39
448 593 -3
448 404 17
448 407 45
449 256 17
449 187 17
449 550 28
450 251 42
450 331 28
450 583 37
451 701 21
451 165 35
451 330 13
452 651 4
452 45 14
452 495 30
453 49 37
453 184 -6
453 159 13
454 468 24
454 220 -7
454 226 2
455 561 35
455 591 11
455 275 33
456 544 15
456 256 3
456 147 1
457 3 23
457 564 11
457 242 36
458 488 13
458 83 35
458 442 50
459 6 34
459 151 7
459 103 16
460 725 17
460 456 -2
460 607 1
461 729 34
461 12 -4
461 149 41
462 688 33
462 277 -7
462 546 15
463 163 -1
463 110 -6
463 681 34
464 555 -5
464 630 47
464 412 19
465 328 19
465 22 -2
465 505 20
466 371 44
466 411 9
466 181 12
467 166 7
467 245 11
467 604 40
468 94 -2
468 304 5
468 42 1
469 325 3
469 232 16
469 433 18
470 131 14
470 369 39
470 428 -5
471 283 48
471 260 29
471 592 1
472 672 37
472 381 18
472 482 26
473 170 3
473 518 11
473 706 35
474 476 29
474 332 30
474 454 -5
475 655 30
475 4 22
475 268 17
476 62 21
476 191 1
476 68 6
477 210 39
477 173 -8
477 634 36
478 59 19
478 60 34
478 40 27
479 478 -7
479 579 26
479 106 15
480 443 20
480 610 11
480 2 1
481 343 22
481 586 5
481 51 43
482 186 9
482 669 35
482 359 -5
483 412 9
483 18 33
483 315 45
484 447 -1
484 644 41
484 680 22
485 387 -1
485 443 39
485 659 9
486 507 34
486 271 20
486 580 46
487 442 11
487 297 18
487 699 33
488 362 20
488 552 14
488 713 44
489 554 23
489 716 20
489 547 39
490 670 37
490 99 1
490 533 -2
491 197 42
491 498 13
491 102 33
492 18 2
492 50 25
492 224 40
493 335 41
493 513 45
493 248 16
494 62 11
494 316 11
494 354 46
495 419 45
495 690 -2
495 131 25
496 158 49
496 344 26
496 172 46
497 537 31
497 482 2
497 224 40
498 621 34
498 456 -9
498 619 41
499 432 -2
499 682 20
499 438 40
500 39 -9
500 481 38
500 226 28
501 281 8
501 378 24
501 117 3
502 472 44
502 658 46
502 549 21
503 148 50
503 728 20
503 254 48
504 154 37
504 597 -2
504 378 29
505 434 -1
505 676 20
505 332 35
506 333 10
506 528 36
506 513 14
507 715 9
507 391 14
507 534 12
508 450 -9
508 303 42
508 298 -5
509 6 11
509 197 10
509 428 -3
510 169 13
510 319 42
510 2 33
511 10 38
511 157 7
511 18 20
512 685 42
512 691 39
512 647 40
513 121 38
513 577 34
513 606 19
514 562 28
514 382 18
514 690 -10
515 20 33
515 103 28
515 676 -1
516 393 50
516 443 -2
516 198 12
517 120 50
517 198 13
517 298 27
518 409 8
518 391 1
518 188 -3
519 482 25
519 26 -4
519 457 36
520 634 20
520 282 -1
520 69 7
521 589 13
521 647 42
521 79 39
522 524 0
522 647 4
522 581 -9
523 313 -8
523 359 -5
523 279 26
524 308 -6
524 728 12
524 109 1
525 105 26
525 669 32
525 17 30
526 552 43
526 48 31
526 475 16
527 143 27
527 352 22
527 4 47
528 650 2
528 436 41
528 625 9
529 627 38
529 629 42
529 724 6
530 442 -4
530 526 34
530 571 2
531 41 27
531 519 15
531 56 24
532 377 8
532 262 11
532 701 12
533 157 19
533 355 11
533 600 30
534 211 0
534 319 17
534 34 28
535 503 -5
535 290 -7
535 499 47
536 232 -6
536 80 18
536 625 6
537 500 12
537 470 42
537 650 50
538 82 50
538 510 50
538 292 28
539 718 0
539 532 22
539 67 32
540 399 24
540 240 30
540 313 38
541 344 3
541 229 11
541 17 22
542 575 -10
542 554 5
542 101 -1
543 709 10
543 96 13
543 657 36
544 557 -7
544 356 11
544 636 6
545 306 10
545 464 -4
545 294 40
546 96 1
546 72 34
546 270 17
547 23 -4
547 232 27
547 80 8
548 470 28
548 190 1
548 98 42
549 327 9
549 375 9
549 679 7
550 404 50
550 446 -1
550 600 8
551 194 -10
551 272 -3
551 532 12
552 173 14
552 174 10
552 294 13
553 681 -8
553 225 -7
553 247 12
554 567 25
554 718 4
554 149 39
555 660 -6
555 499 15
555 648 48
556 531 -9
556 710 -10
556 53 35
557 3 27
557 190 4
557 346 41
558 603 -3
558 124 38
558 35 33
559 51 2
559 197 -8
559 119 31
560 599 -9
560 351 -7
560 136 17
561 355 9
561 222 0
561 630 3
562 680 -4
562 650 43
562 186 27
563 223 18
563 702 48
563 620 34
564 515 37
564 376 39
564 687 11
565 24 20
565 137 -7
565 405 -9
566 349 -9
566 211 48
566 509 28
567 529 49
567 565 45
567 206 26
568 544 2
568 558 36
568 226 37
569 143 -1
569 26 41
569 113 11
570 455 21
570 681 31
570 186 10
571 411 12
571 341 32
571 306 42
572 351 9
572 162 44
572 96 48
573 340 11
573 379 12
573 488 22
574 214 1
574 10 27
574 396 -5
575 321 10
575 627 5
575 509 38
576 367 30
576 338 32
576 690 15
577 607 37
577 12 16
577 171 29
578 678 36
578 57 18
578 325 37
579 510 36
579 109 -2
579 353 40
580 163 -5
580 579 7
580 259 33
581 74 31
581 678 -3
581 50 27
582 93 11
582 227 13
582 441 -2
583 415 7
583 217 10
583 151 30
584 419 50
584 188 35
584 484 25
585 678 17
585 437 35
585 673 18
586 359 44
586 366 45
586 441 34
587 497 27
587 76 13
587 514 -2
588 7 47
588 23 26
588 25 38
589 424 25
589 145 21
589 277 25
590 279 37
590 121 -6
590 306 32
591 669 4
591 477 -10
591 530 28
592 120 -8
592 506 19
592 538 37
593 78 0
593 22 24
593 425 32
594 552 21
594 416 27
594 358 0
595 607 10
595 495 0
595 272 -1
596 271 10
596 296 7
596 119 33
597 313 49
597 37 7
597 295 18
598 79 4
598 434 10
598 381 44
599 714 36
599 680 -1
599 5 27
600 376 45
600 132 -8
600 590 11
601 500 39
601 456 13
601 8 36
602 319 38
602 47 43
602 597 31
603 15 0
603 314 5
603 144 34
604 259 27
604 596 35
604 114 43
605 439 32
605 534 23
605 620 20
606 82 -5
606 225 -4
606 354 -9
607 671 42
607 272 -6
607 147 40
608 696 23
608 2 -7
608 415 13
609 712 19
609 384 45
609 403 19
610 448 20
610 44 -8
610 307 32
611 267 31
611 668 18
611 385 -8
612 682 26
612 412 4
612 560 40
613 622 6
613 173 49
613 293 12
614 286 10
614 251 14
614 118 31
615 25 6
615 418 22
615 713 24
616 517 16
616 409 -2
616 71 -7
617 131 11
617 10 0
617 147 25
618 622 -2
618 403 43
618 666 40
619 712 36
619 162 30
619 521 7
620 616 10
620 290 31
620 452 25
621 101 40
621 163 26
621 221 24
622 217 46
622 551 15
622 293 38
623 430 49
623 160 11
623 636 17
624 102 43
624 191 10
624 681 42
625 298 -3
625 227 34
625 10 48
626 129 40
626 200 24
626 41 -5
627 179 15
627 718 44
627 191 25
628 227 22
628 492 23
628 706 9
629 316 46
629 357 1
629 421 37
630 689 18
630 569 16
630 85 3
631 187 37
631 118 25
631 495 22
632 26 11
632 605 11
632 711 11
633 78 2
633 699 10
633 559 12
634 632 -6
634 480 -5
634 563 30
635 64 44
635 707 -4
635 655 47
636 665 39
636 593 18
636 366 2
637 38 4
637 111 14
637 498 37
638 300 40
638 45 2
638 522 36
639 431 5
639 62 29
639 369 40
640 128 37
640 538 16
640 722 4
641 394 8
641 465 9
641 208 21
642 62 38
642 435 8
642 49 15
643 413 25
643 167 3
643 162 -7
644 71 41
644 130 -3
644 43 4
645 502 -7
645 361 41
645 637 22
646 470 -1
646 368 46
646 200 9
647 250 0
647 546 27
647 4 50
648 130 11
648 75 36
648 58 47
649 600 36
649 291 49
649 184 21
650 726 33
650 49 4
650 682 -2
651 463 29
651 247 17
651 324 20
652 394 46
652 380 33
652 66 23
653 438 43
653 47 18
653 221 4
654 638 16
654 586 35
654 86 7
655 484 5
655 454 33
655 3 6
656 435 14
656 318 30
656 106 8
657 204 18
657 35 0
657 698 5
658 49 -1
658 217 37
658 141 14
659 78 23
659 237 49
659 39 1
660 538 1
660 116 -2
660 184 -2
661 465 -10
661 623 3
661 358 45
662 304 50
662 535 -3
662 258 14
663 383 34
663 36 20
663 402 50
664 131 21
664 432 -6
664 450 -2
665 332 -2
665 554 22
665 110 44
666 269 6
666 69 -10
666 161 -6
667 545 1
667 338 3
667 124 7
668 471 20
668 168 46
668 391 9
669 663 12
669 292 21
669 96 5
670 654 -3
670 302 18
670 8 47
671 694 22
671 450 32
671 505 11
672 247 13
672 531 49
672 418 15
673 303 17
673 408 43
673 554 18
674 504 50
674 212 5
674 660 37
675 282 45
675 535 17
675 383 5
676 498 7
676 46 48
676 619 9
677 501 13
677 250 34
677 127 -2
678 150 35
678 528 38
678 84 20
679 696 34
679 699 -9
679 69 1
680 500 -1
680 475 -4
680 194 6
681 657 -8
681 213 8
681 185 -1
682 205 49
682 558 -2
682 223 -9
683 431 22
683 400 15
683 144 38
684 604 16
684 4 25
684 340 30
685 201 3
685 128 -7
685 299 -7
686 557 17
686 632 26
686 162 5
687 337 27
687 498 37
687 229 48
688 227 45
688 719 43
688 85 27
689 699 10
689 78 -6
689 202 15
690 283 2
690 666 12
690 474 6
691 614 -8
691 99 45
691 79 17
692 418 27
692 504 47
692 313 12
693 525 -4
693 687 34
693 21 11
694 77 49
694 438 8
694 300 27
695 244 13
695 321 4
695 609 32
696 119 38
696 145 -6
696 198 16
697 540 14
697 44 40
697 41 31
698 244 7
698 100 49
698 127 7
699 37 46
699 185 -5
699 683 34
700 573 23
700 215 35
700 533 13
701 451 11
701 405 -4
701 184 30
702 330 23
702 682 -3
702 695 -8
703 723 27
703 717 -3
703 722 7
704 589 8
704 50 -5
704 153 34
705 307 20
705 380 12
705 632 43
706 196 18
706 56 10
706 270 23
707 593 30
707 527 8
707 463 39
708 262 33
708 103 28
708 90 -8
709 471 6
709 341 16
709 18 47
710 491 29
710 687 40
710 550 50
711 276 31
711 667 -10
711 536 21
712 16 18
712 481 37
712 127 45
713 358 1
713 125 35
713 587 29
714 395 9
714 276 21
714 604 -9
715 680 -3
715 107 43
715 495 -7
716 503 11
716 252 30
716 115 38
717 251 33
717 588 -7
717 246 -2
718 59 19
718 197 40
718 533 10
719 504 24
719 409 15
719 604 32
720 472 19
720 468 48
720 600 25
721 609 35
721 420 48
721 206 24
722 715 31
722 318 8
722 506 50
723 279 9
723 518 27
723 674 -5
724 247 28
724 399 43
724 230 18
725 467 27
725 244 15
725 414 30
726 249 -7
726 388 16
726 244 47
727 669 -3
727 624 33
727 232 3
728 291 13
728 151 2
728 349 35
729 550 39
729 722 32
729 640 42
