243
2
1 200 30
1 24 -8
2 123 45
2 169 -8
3 197 26
3 102 48
4 146 -8
4 211 5
5 165 3
5 159 34
6 24 34
6 203 26
7 104 -6
7 198 12
8 220 13
8 18 12
9 201 40
9 184 27
10 6 11
10 186 3
11 239 9
11 232 42
12 112 11
12 9 40
13 81 40
13 35 31
14 195 4
14 62 24
15 8 7
15 65 47
16 20 25
16 95 33
17 63 18
17 155 1
18 164 -1
18 162 -7
19 108 6
19 14 -3
20 212 20
20 68 37
21 203 42
21 164 48
22 134 42
22 238 9
23 216 50
23 116 -7
24 212 36
24 165 1
25 182 14
25 188 42
26 228 22
26 128 33
27 55 34
27 236 35
28 77 2
28 187 32
29 113 46
29 146 11
30 236 -4
30 131 45
31 167 47
31 86 49
32 40 35
32 220 0
33 75 11
33 11 34
34 53 -5
34 26 29
35 83 40
35 85 27
36 118 12
36 84 6
37 16 42
37 124 18
38 229 15
38 7 12
39 185 24
39 89 36
40 220 -4
40 155 8
41 159 -7
41 53 42
42 10 22
42 47 2
43 83 43
43 79 19
44 30 24
44 40 40
45 137 -1
45 188 11
46 14 12
46 168 23
47 144 19
47 195 -5
48 21 45
48 39 5
49 176 35
49 220 43
50 70 18
50 171 20
51 84 47
51 224 48
52 154 -9
52 166 7
53 157 37
53 171 -2
54 144 -4
54 90 50
55 194 28
55 36 38
56 44 11
56 110 10
57 132 30
57 212 -7
58 38 49
58 7 43
59 157 35
59 112 30
60 242 7
60 52 32
61 141 27
61 83 32
62 206 47
62 138 45
63 170 46
63 97 -1
64 14 -5
64 173 35
65 221 27
65 56 7
66 65 29
66 140 -7
67 100 2
67 92 9
68 61 -4
68 117 -7
69 106 43
69 156 46
70 56 47
70 221 2
71 80 12
71 120 -9
72 13 42
72 237 47
73 231 5
73 125 3
74 224 16
74 217 23
75 77 50
75 214 12
76 2 14
76 158 50
77 187 -7
77 216 40
78 112 2
78 211 7
79 19 20
79 239 -9
80 145 15
80 177 -6
81 229 13
81 115 0
82 179 40
82 42 -9
83 227 27
83 86 42
84 155 17
84 167 27
85 169 5
85 59 13
86 35 42
86 165 -4
87 47 -7
87 215 0
88 117 5
88 225 -5
89 111 -1
89 94 6
90 236 36
90 229 6
91 35 27
91 223 -3
92 20 41
92 82 33
93 208 -3
93 227 8
94 133 20
94 229 23
95 26 9
95 77 -7
96 104 6
96 118 -4
97 181 -2
97 225 4
98 23 45
98 126 47
99 201 -2
99 119 8
100 219 31
100 226 31
101 67 33
101 33 7
102 58 19
102 117 13
103 5 23
103 68 4
104 205 49
104 36 35
105 128 2
105 94 16
106 227 49
106 15 15
107 152 14
107 161 6
108 219 7
108 165 10
109 129 43
109 19 44
110 103 34
110 35 48
111 232 48
111 11 34
112 130 32
112 214 2
113 217 5
113 8 47
114 236 43
114 10 18
115 34 -5
115 171 10
116 35 33
116 20 5
117 203 49
117 129 11
118 139 37
118 114 40
119 155 28
119 3 46
120 182 32
120 36 24
121 231 33
121 238 17
122 17 15
122 151 45
123 83 7
123 38 18
124 61 9
124 111 45
125 154 25
125 79 3
126 106 2
126 66 42
127 188 33
127 111 19
128 152 13
128 97 31
129 33 39
129 213 35
130 226 -3
130 203 -10
131 197 12
131 76 24
132 175 35
132 34 -9
133 62 1
133 203 4
134 54 18
134 67 -4
135 138 26
135 18 42
136 92 -6
136 81 26
137 118 26
137 241 1
138 143 -2
138 232 -10
139 150 44
139 35 -9
140 103 4
140 173 -3
141 4 27
141 104 16
142 18 24
142 202 28
143 204 33
143 163 2
144 132 31
144 161 50
145 108 19
145 185 -10
146 88 12
146 139 3
147 239 -3
147 189 -4
148 117 5
148 176 -3
149 6 37
149 212 12
150 96 36
150 242 23
151 184 16
151 80 13
152 163 36
152 109 27
153 200 8
153 12 30
154 18 2
154 118 25
155 199 34
155 106 -8
156 110 41
156 38 38
157 193 10
157 189 14
158 64 -6
158 180 10
159 75 11
159 107 42
160 76 9
160 116 -7
161 100 -1
161 75 40
162 121 33
162 99 47
163 64 39
163 159 21
164 148 28
164 64 36
165 219 1
165 82 17
166 179 10
166 78 -5
167 94 18
167 144 8
168 153 50
168 115 13
169 115 22
169 85 50
170 209 36
170 107 -4
171 240 21
171 117 2
172 40 -1
172 112 -10
173 176 2
173 142 27
174 192 49
174 73 18
175 155 -8
175 134 20
176 174 15
176 73 40
177 193 1
177 182 13
178 21 16
178 182 33
179 70 15
179 236 49
180 215 -3
180 86 -8
181 117 38
181 227 30
182 179 16
182 60 21
183 38 -10
183 197 24
184 171 36
184 235 3
185 63 26
185 85 4
186 223 -1
186 211 -7
187 83 23
187 142 1
188 145 5
188 196 35
189 187 6
189 107 13
190 200 29
190 133 35
191 122 32
191 82 32
192 136 31
192 20 35
193 47 34
193 222 25
194 70 20
194 75 19
195 14 3
195 78 43
196 231 45
196 18 -10
197 82 46
197 53 37
198 142 34
198 243 -10
199 35 40
199 25 35
200 213 10
200 23 25
201 14 28
201 189 -10
202 157 -9
202 81 29
203 154 23
203 239 38
204 212 36
204 140 -7
205 53 47
205 7 37
206 19 46
206 11 39
207 144 18
207 152 -6
208 229 -3
208 92 10
209 124 -10
209 100 14
210 232 27
210 177 29
211 238 42
211 5 40
212 145 21
212 19 10
213 216 7
213 199 14
214 25 8
214 21 48
215 31 40
215 127 47
216 125 31
216 230 19
217 231 21
217 162 13
218 42 22
218 81 10
219 218 3
219 19 28
220 110 16
220 190 18
221 121 32
221 107 17
222 106 37
222 23 34
223 231 26
223 227 31
224 206 12
224 103 5
225 197 6
225 62 -7
226 215 28
226 71 -2
227 100 47
227 84 8
228 31 20
228 242 14
229 73 6
229 117 -1
230 82 42
230 94 36
231 57 -10
231 117 41
232 242 36
232 52 43
233 171 -1
233 28 16
234 214 42
234 17 -9
235 87 1
235 218 37
236 161 45
236 172 25
237 144 45
237 117 34
238 187 20
238 4 24
239 225 45
239 233 14
240 184 40
240 123 3
241 105 22
241 37 44
242 130 40
242 124 -6
243 225 22
243 167 22
