81
2
1 36 46
1 52 6
2 29 42
2 69 34
3 52 0
3 54 32
4 74 34
4 29 39
5 52 1
5 26 8
6 8 41
6 2 45
7 34 31
7 67 47
8 71 7
8 80 3
9 60 32
9 18 22
10 76 -2
10 79 16
11 67 37
11 3 36
12 30 27
12 11 27
13 27 36
13 48 27
14 5 12
14 72 13
15 75 34
15 63 35
16 54 18
16 75 2
17 27 -4
17 65 -3
18 67 48
18 28 45
19 61 -6
19 41 1
20 51 6
20 34 15
21 5 12
21 44 0
22 49 26
22 60 30
23 14 49
23 61 40
24 30 16
24 27 -2
25 27 6
25 63 8
26 59 26
26 46 21
27 30 14
27 81 2
28 15 -10
28 65 16
29 61 2
29 10 33
30 17 32
30 38 -3
31 48 -1
31 50 -7
32 22 33
32 45 7
33 52 38
33 13 30
34 60 9
34 55 36
35 11 25
35 71 45
36 81 11
36 62 -9
37 21 32
37 28 36
38 14 34
38 53 35
39 42 1
39 31 39
40 74 46
40 36 12
41 59 4
41 15 49
42 19 17
42 9 11
43 9 -3
43 60 17
44 79 0
44 77 43
45 72 6
45 28 48
46 3 18
46 53 11
47 30 21
47 13 -4
48 31 -7
48 18 21
49 12 0
49 9 10
50 46 4
50 67 25
51 65 13
51 14 25
52 64 35
52 72 22
53 8 19
53 59 30
54 26 6
54 80 2
55 48 14
55 42 8
56 57 23
56 44 -1
57 30 -10
57 64 -3
58 49 32
58 67 19
59 44 35
59 53 7
60 23 45
60 20 14
61 78 -7
61 27 3
62 54 5
62 78 48
63 4 11
63 39 26
64 20 45
64 19 9
65 78 0
65 5 22
66 12 15
66 77 44
67 70 30
67 76 26
68 25 13
68 79 10
69 49 13
69 45 26
70 24 34
70 14 22
71 23 36
71 73 9
72 9 31
72 10 25
73 25 35
73 60 4
74 25 33
74 23 14
75 32 50
75 21 44
76 75 12
76 30 7
77 21 -8
77 78 31
78 76 24
78 53 -4
79 70 47
79 61 46
80 35 19
80 58 -4
81 20 31
81 24 42
