729
4
1 148 13
1 331 43
1 580 9
1 135 0
2 70 32
2 691 20
2 334 -7
2 342 34
3 268 -2
3 561 -4
3 277 41
3 183 19
4 531 24
4 151 11
4 687 27
4 389 27
5 279 48
5 1 10
5 683 24
5 697 26
6 106 45
6 721 14
6 213 33
6 14 36
7 268 23
7 281 8
7 561 33
7 178 18
8 140 44
8 652 44
8 389 37
8 306 2
9 383 34
9 132 26
9 644 -3
9 443 -2
10 368 37
10 593 42
10 433 30
10 677 3
11 221 31
11 510 9
11 166 17
11 496 44
12 399 1
12 712 13
12 534 5
12 267 -4
13 319 -7
13 486 44
13 192 2
13 242 47
14 48 -5
14 523 37
14 295 33
14 461 36
15 79 47
15 462 -9
15 290 32
15 194 3
16 484 10
16 378 36
16 522 50
16 659 22
17 265 41
17 79 29
17 724 21
17 57 4
18 590 30
18 197 26
18 49 16
18 555 38
19 708 28
19 67 25
19 142 39
19 352 12
20 198 48
20 68 38
20 650 19
20 35 0
21 569 39
21 671 14
21 379 27
21 358 30
22 27 45
22 469 18
22 325 50
22 714 11
23 349 31
23 249 4
23 675 39
23 723 -3
24 689 33
24 500 32
24 366 36
24 727 40
25 59 33
25 115 15
25 355 48
25 539 27
26 637 31
26 634 23
26 102 7
26 532 29
27 222 40
27 306 8
27 495 8
27 371 40
28 310 15
28 593 21
28 451 44
28 492 -7
29 116 6
29 248 32
29 43 4
29 251 16
30 454 41
30 447 39
30 184 2
30 179 -8
31 553 0
31 688 21
31 392 27
31 525 18
32 221 7
32 499 7
32 413 34
32 208 19
33 677 24
33 16 -4
33 169 26
33 345 32
34 336 22
34 357 22
34 14 12
34 73 -3
35 210 25
35 485 10
35 727 13
35 304 33
36 330 20
36 410 23
36 224 27
36 562 32
37 560 37
37 561 8
37 430 22
37 190 31
38 515 4
38 294 50
38 362 4
38 500 50
39 437 5
39 90 33
39 377 42
39 620 -7
40 180 29
40 265 17
40 165 0
40 510 43
41 238 46
41 560 7
41 423 40
41 37 -5
42 205 14
42 565 42
42 12 32
42 569 -4
43 399 6
43 574 26
43 86 2
43 220 36
44 683 47
44 311 21
44 521 34
44 551 16
45 593 3
45 268 50
45 577 38
45 660 0
46 285 -7
46 395 42
46 619 42
46 154 18
47 522 28
47 480 35
47 4 42
47 108 24
48 106 33
48 589 14
48 203 40
48 581 47
49 483 3
49 726 31
49 311 -9
49 187 -10
50 630 4
50 290 43
50 186 31
50 117 34
51 336 46
51 64 -8
51 151 18
51 125 -8
52 362 5
52 676 34
52 435 12
52 23 4
53 430 13
53 424 -5
53 289 13
53 167 19
54 280 5
54 709 26
54 223 3
54 614 -10
55 617 46
55 80 -1
55 296 43
55 114 5
56 660 16
56 631 -9
56 239 11
56 728 18
57 545 38
57 546 50
57 220 34
57 368 12
58 7 35
58 47 7
58 460 -2
58 490 -3
59 549 10
59 193 19
59 55 41
59 639 47
60 248 -1
60 624 12
60 645 -5
60 327 19
61 320 37
61 648 42
61 617 38
61 472 -4
62 316 22
62 106 11
62 550 4
62 196 12
63 448 10
63 576 3
63 623 -10
63 199 38
64 280 24
64 297 4
64 176 3
64 629 -9
65 459 14
65 342 19
65 55 20
65 94 41
66 155 14
66 403 3
66 620 -3
66 192 32
67 127 30
67 203 48
67 231 48
67 586 29
68 303 44
68 281 50
68 256 -1
68 559 -6
69 693 1
69 16 6
69 132 25
69 404 -8
70 395 45
70 376 48
70 526 17
70 494 16
71 331 -1
71 505 15
71 482 37
71 101 24
72 330 44
72 590 23
72 466 30
72 395 -7
73 42 0
73 235 2
73 684 15
73 214 20
74 224 42
74 132 41
74 69 42
74 493 32
75 525 15
75 606 12
75 541 39
75 162 4
76 139 2
76 446 3
76 665 20
76 704 -10
77 492 30
77 10 15
77 680 25
77 348 32
78 315 -7
78 461 12
78 675 43
78 538 -10
79 257 49
79 555 -1
79 591 28
79 153 40
80 707 25
80 612 17
80 58 23
80 723 3
81 528 -5
81 64 6
81 44 28
81 179 -9
82 124 2
82 306 2
82 72 -3
82 406 -10
83 611 49
83 527 6
83 691 30
83 668 4
84 401 12
84 386 31
84 609 12
84 588 1
85 469 18
85 289 3
85 47 19
85 154 14
86 680 18
86 544 19
86 128 23
86 519 41
87 705 32
87 365 47
87 354 34
87 230 -4
88 576 32
88 701 29
88 32 -6
88 319 46
89 285 19
89 660 -5
89 137 16
89 446 34
90 631 30
90 187 48
90 462 32
90 235 -5
91 47 12
91 62 2
91 685 49
91 288 -8
92 187 30
92 626 3
92 679 14
92 529 44
93 179 16
93 153 24
93 12 1
93 137 -3
94 56 16
94 531 -8
94 21 3
94 377 22
95 385 41
95 183 33
95 82 38
95 384 35
96 590 48
96 152 10
96 337 -4
96 451 9
97 319 -3
97 282 14
97 73 29
97 695 2
98 557 45
98 334 -9
98 563 40
98 122 35
99 120 11
99 472 47
99 660 50
99 653 0
100 490 35
100 198 50
100 667 22
100 474 1
101 379 42
101 175 -9
101 697 16
101 637 33
102 419 47
102 599 5
102 76 -9
102 141 40
103 727 12
103 533 45
103 1 5
103 571 5
104 604 8
104 637 13
104 258 31
104 361 45
105 278 8
105 638 -3
105 92 30
105 608 -7
106 24 23
106 29 -10
106 435 -3
106 649 19
107 596 35
107 429 40
107 299 -8
107 586 11
108 285 50
108 145 1
108 604 28
108 297 -6
109 556 43
109 495 23
109 725 -8
109 359 49
110 565 47
110 329 40
110 639 18
110 475 -2
111 281 44
111 478 35
111 561 16
111 643 31
112 526 -2
112 649 44
112 355 12
112 40 -1
113 720 16
113 94 26
113 52 12
113 355 3
114 367 40
114 263 39
114 344 1
114 322 30
115 655 3
115 436 -3
115 12 31
115 448 -3
116 499 43
116 415 36
116 82 -10
116 418 17
117 397 -1
117 311 7
117 113 35
117 130 35
118 443 50
118 635 -6
118 40 48
118 432 -7
119 4 19
119 435 6
119 484 17
119 639 -2
120 280 0
120 208 19
120 485 15
120 63 0
121 639 31
121 670 5
121 630 35
121 337 12
122 183 42
122 349 15
122 595 4
122 628 40
123 684 2
123 515 39
123 627 6
123 611 20
124 33 32
124 573 28
124 617 43
124 32 -6
125 573 42
125 525 38
125 616 39
125 517 28
126 638 41
126 582 38
126 440 35
126 577 6
127 118 34
127 612 21
127 695 49
127 36 24
128 149 32
128 419 1
128 156 13
128 159 38
129 233 26
129 372 14
129 704 36
129 33 9
130 679 33
130 465 7
130 358 41
130 715 20
131 481 7
131 392 11
131 130 -6
131 76 7
132 329 36
132 216 23
132 281 8
132 476 11
133 662 8
133 371 30
133 620 9
133 409 21
134 387 35
134 126 30
134 444 7
134 59 11
135 546 -2
135 320 41
135 169 -4
135 119 43
136 212 9
136 560 30
136 708 1
136 1 41
137 178 39
137 31 28
137 316 28
137 292 26
138 316 37
138 431 45
138 522 -1
138 337 31
139 704 45
139 75 20
139 52 -4
139 6 0
140 468 42
140 150 -1
140 28 9
140 328 -4
141 497 21
141 529 -9
141 389 -7
141 603 37
142 476 9
142 581 35
142 161 29
142 373 36
143 660 9
143 67 26
143 538 37
143 282 33
144 326 10
144 8 21
144 83 47
144 553 9
145 550 25
145 407 45
145 27 4
145 214 50
146 720 38
146 568 1
146 454 4
146 621 31
147 143 10
147 496 49
147 213 49
147 559 9
148 112 38
148 697 42
148 128 16
148 595 24
149 558 24
149 36 27
149 543 40
149 488 2
150 341 27
150 426 6
150 680 -8
150 77 50
151 332 33
151 525 26
151 663 40
151 426 -8
152 358 3
152 324 35
152 192 12
152 299 41
153 105 40
153 378 8
153 113 15
153 340 39
154 266 16
154 330 23
154 294 26
154 592 20
155 94 1
155 708 42
155 562 -2
155 271 48
156 233 24
156 115 -6
156 352 29
156 626 26
157 175 30
157 701 47
157 520 18
157 677 -1
158 225 18
158 68 16
158 690 17
158 411 -8
159 307 18
159 561 29
159 262 26
159 245 -10
160 435 27
160 408 45
160 293 28
160 64 -1
161 571 24
161 624 9
161 281 -2
161 133 42
162 546 40
162 171 42
162 53 30
162 711 19
163 607 30
163 311 47
163 669 31
163 589 13
164 514 50
164 156 -5
164 554 31
164 75 1
165 383 42
165 350 11
165 572 46
165 112 49
166 429 28
166 580 8
166 661 30
166 305 14
167 95 17
167 441 17
167 445 31
167 3 27
168 515 43
168 41 41
168 15 29
168 410 17
169 315 9
169 40 10
169 305 16
169 435 6
170 283 11
170 45 -4
170 86 34
170 496 36
171 141 23
171 448 48
171 392 -5
171 725 24
172 157 50
172 46 11
172 478 27
172 408 50
173 620 32
173 534 4
173 652 14
173 552 12
174 496 43
174 124 44
174 170 35
174 384 15
175 440 36
175 92 14
175 208 31
175 72 45
176 148 0
176 689 36
176 295 15
176 115 17
177 693 34
177 587 9
177 626 -5
177 114 31
178 96 2
178 649 15
178 571 -7
178 466 15
179 577 15
179 149 -9
179 425 -10
179 297 3
180 578 11
180 220 8
180 566 39
180 301 -10
181 12 37
181 62 29
181 129 6
181 267 13
182 67 -9
182 505 40
182 141 13
182 639 47
183 430 -7
183 113 28
183 215 35
183 506 43
184 80 7
184 21 10
184 465 24
184 467 12
185 184 -7
185 429 38
185 9 39
185 619 45
186 119 26
186 573 -1
186 634 -3
186 557 11
187 503 8
187 221 40
187 612 24
187 22 46
188 220 49
188 264 33
188 34 3
188 138 12
189 133 44
189 457 6
189 264 31
189 249 28
190 615 17
190 275 1
190 594 -5
190 128 35
191 695 27
191 283 34
191 187 49
191 104 3
192 584 36
192 482 20
192 709 41
192 433 13
193 426 12
193 693 45
193 411 44
193 142 43
194 669 42
194 31 38
194 357 16
194 86 -1
195 166 33
195 5 35
195 512 39
195 637 32
196 535 18
196 662 25
196 474 -2
196 601 0
197 510 40
197 548 11
197 112 34
197 169 20
198 454 25
198 512 7
198 685 8
198 74 26
199 668 32
199 159 0
199 620 32
199 157 31
200 697 49
200 391 -3
200 205 -6
200 442 45
201 692 44
201 215 -6
201 510 25
201 278 49
202 553 18
202 665 47
202 671 26
202 548 20
203 558 12
203 663 3
203 503 -5
203 154 39
204 318 31
204 77 -2
204 97 48
204 451 0
205 440 12
205 395 7
205 555 5
205 355 4
206 227 14
206 645 41
206 342 30
206 241 31
207 429 37
207 82 15
207 517 27
207 560 7
208 628 -4
208 467 -6
208 636 34
208 269 45
209 351 -8
209 25 36
209 392 -7
209 127 49
210 282 25
210 184 -1
210 378 14
210 511 2
211 662 1
211 61 7
211 547 16
211 360 9
212 224 31
212 540 38
212 553 4
212 129 45
213 196 40
213 280 25
213 59 36
213 46 49
214 165 21
214 722 34
214 309 29
214 585 -10
215 336 33
215 175 9
215 268 13
215 103 18
216 447 -4
216 246 12
216 283 5
216 110 43
217 638 48
217 680 40
217 75 28
217 506 0
218 180 8
218 571 -3
218 436 44
218 343 17
219 603 36
219 309 26
219 225 -1
219 689 19
220 336 43
220 710 45
220 524 27
220 370 14
221 663 -3
221 170 45
221 700 -1
221 511 24
222 602 42
222 108 31
222 608 48
222 167 18
223 445 27
223 109 -2
223 448 42
223 72 -1
224 208 1
224 651 47
224 237 27
224 225 21
225 498 37
225 118 -3
225 38 7
225 367 10
226 361 47
226 84 50
226 279 35
226 82 -10
227 81 2
227 46 47
227 279 46
227 424 31
228 109 43
228 376 29
228 194 11
228 34 38
229 23 10
229 354 14
229 96 -5
229 439 22
230 608 17
230 384 38
230 445 -3
230 181 41
231 235 9
231 679 35
231 305 11
231 315 45
232 665 15
232 218 -10
232 284 13
232 383 5
233 573 -8
233 616 11
233 612 31
233 665 16
234 716 34
234 235 12
234 336 1
234 272 -4
235 709 -4
235 728 28
235 516 9
235 177 46
236 629 36
236 564 -10
236 237 -8
236 170 37
237 333 20
237 559 17
237 400 -5
237 485 27
238 500 32
238 690 39
238 457 -9
238 639 38
239 329 36
239 31 -9
239 513 -4
239 641 21
240 523 42
240 412 41
240 402 5
240 194 5
241 488 18
241 450 45
241 370 23
241 176 44
242 475 17
242 560 -2
242 18 27
242 182 34
243 550 46
243 665 1
243 395 7
243 650 21
244 486 11
244 728 35
244 726 9
244 182 4
245 662 41
245 498 45
245 596 12
245 497 16
246 369 28
246 656 40
246 112 4
246 716 24
247 632 1
247 550 -6
247 373 26
247 122 12
248 224 -6
248 1 -10
248 27 30
248 394 28
249 432 2
249 182 11
249 49 8
249 128 22
250 590 2
250 546 48
250 160 37
250 662 7
251 469 23
251 358 4
251 182 5
251 181 46
252 592 48
252 281 33
252 729 42
252 688 13
253 46 3
253 112 45
253 145 42
253 248 27
254 471 5
254 607 25
254 542 36
254 317 -3
255 73 26
255 623 27
255 133 35
255 4 43
256 5 7
256 216 -2
256 144 33
256 211 6
257 251 -4
257 86 43
257 549 21
257 440 22
258 58 41
258 527 -5
258 94 8
258 177 40
259 56 43
259 592 0
259 332 36
259 142 18
260 47 37
260 711 -7
260 56 39
260 460 4
261 504 1
261 229 33
261 411 19
261 214 40
262 185 28
262 579 41
262 112 4
262 196 19
263 584 22
263 19 29
263 160 -3
263 696 -10
264 102 -9
264 182 3
264 144 29
264 94 32
265 461 38
265 375 13
265 612 32
265 153 23
266 22 34
266 435 10
266 469 15
266 398 41
267 284 6
267 399 50
267 623 -4
267 546 -6
268 83 21
268 232 -8
268 675 33
268 551 -9
269 564 43
269 357 -9
269 571 7
269 715 27
270 204 36
270 360 29
270 39 22
270 191 -5
271 136 44
271 619 14
271 525 19
271 110 37
272 530 -6
272 168 4
272 471 34
272 180 29
273 685 25
273 628 -1
273 421 47
273 174 5
274 466 41
274 590 50
274 484 7
274 309 13
275 83 16
275 350 47
275 326 2
275 374 13
276 446 21
276 275 43
276 406 32
276 706 50
277 618 36
277 107 -1
277 691 23
277 652 37
278 700 12
278 298 28
278 393 20
278 8 49
279 5 -9
279 433 25
279 175 32
279 211 17
280 632 21
280 269 41
280 309 -4
280 25 36
281 416 45
281 658 10
281 102 24
281 146 49
282 343 10
282 390 45
282 130 43
282 400 41
283 114 0
283 247 13
283 599 22
283 465 -5
284 433 46
284 467 -2
284 541 47
284 413 11
285 529 11
285 580 16
285 276 23
285 288 42
286 594 16
286 205 41
286 209 34
286 362 20
287 233 20
287 66 -3
287 531 2
287 559 50
288 388 47
288 729 -1
288 583 40
288 432 30
289 600 32
289 271 37
289 151 -6
289 301 8
290 430 -10
290 105 -2
290 716 -1
290 445 34
291 20 23
291 50 44
291 354 48
291 320 5
292 260 35
292 608 26
292 123 13
292 265 14
293 424 45
293 481 3
293 362 20
293 349 38
294 285 25
294 98 27
294 500 34
294 241 10
295 208 7
295 130 4
295 312 24
295 480 -9
296 281 28
296 500 11
296 201 22
296 278 45
297 524 2
297 601 40
297 531 32
297 288 4
298 721 22
298 124 3
298 366 3
298 172 20
299 703 33
299 494 5
299 695 34
299 679 25
300 303 49
300 242 -9
300 105 -9
300 575 -7
301 315 45
301 222 -5
301 395 9
301 102 23
302 320 39
302 298 22
302 25 47
302 151 32
303 462 -3
303 173 50
303 202 20
303 457 46
304 255 30
304 150 23
304 669 36
304 626 39
305 372 37
305 122 35
305 497 29
305 547 30
306 268 -6
306 35 -9
306 534 29
306 489 15
307 258 36
307 238 4
307 490 25
307 619 31
308 431 16
308 398 38
308 202 37
308 504 35
309 384 43
309 3 14
309 391 12
309 539 -9
310 274 0
310 656 30
310 331 14
310 455 47
311 112 -2
311 208 12
311 499 43
311 460 11
312 579 48
312 65 30
312 357 3
312 419 4
313 199 12
313 435 12
313 41 -3
313 259 -4
314 98 17
314 503 13
314 24 -2
314 553 5
315 18 -3
315 709 41
315 225 40
315 625 1
316 689 50
316 418 46
316 162 28
316 370 45
317 341 36
317 101 -6
317 384 -7
317 355 38
318 344 42
318 639 25
318 157 -2
318 615 -6
319 670 47
319 362 8
319 501 45
319 558 4
320 329 28
320 350 37
320 298 -8
320 182 -10
321 315 26
321 236 1
321 62 45
321 1 -7
322 180 -5
322 520 8
322 113 -5
322 61 25
323 489 35
323 453 44
323 551 33
323 310 23
324 568 33
324 271 5
324 48 41
324 382 15
325 429 23
325 317 -8
325 175 -5
325 407 -5
326 676 7
326 38 42
326 261 -10
326 465 -9
327 102 22
327 470 44
327 97 41
327 461 -5
328 594 29
328 614 -1
328 23 16
328 624 45
329 456 16
329 659 -10
329 204 15
329 173 -7
330 588 32
330 192 -5
330 704 36
330 230 45
331 650 15
331 304 12
331 314 35
331 608 -4
332 40 33
332 199 28
332 223 43
332 567 26
333 117 12
333 441 38
333 54 21
333 286 36
334 351 41
334 462 34
334 282 39
334 190 0
335 642 38
335 330 -6
335 215 20
335 355 8
336 715 0
336 245 17
336 309 48
336 615 47
337 520 25
337 575 10
337 209 3
337 343 42
338 514 2
338 533 7
338 351 6
338 92 6
339 399 37
339 173 29
339 586 22
339 78 26
340 547 46
340 445 -3
340 260 33
340 208 22
341 555 26
341 98 16
341 218 19
341 100 15
342 705 27
342 329 43
342 374 34
342 301 33
343 441 9
343 278 24
343 34 -8
343 237 19
344 61 9
344 562 12
344 102 3
344 713 26
345 727 22
345 473 25
345 296 39
345 570 18
346 667 31
346 441 -10
346 310 17
346 207 11
347 34 0
347 221 -2
347 640 11
347 267 5
348 306 27
348 484 29
348 715 50
348 463 5
349 26 35
349 7 47
349 705 30
349 576 2
350 3 17
350 680 0
350 495 0
350 464 33
351 248 20
351 258 -9
351 568 24
351 52 44
352 673 20
352 543 30
352 564 22
352 595 12
353 33 10
353 515 10
353 537 28
353 241 -4
354 395 19
354 450 34
354 690 20
354 365 -2
355 423 5
355 172 10
355 118 33
355 699 1
356 687 20
356 561 4
356 269 36
356 404 4
357 665 26
357 597 8
357 530 3
357 187 41
358 269 8
358 360 24
358 671 44
358 10 24
359 186 40
359 96 50
359 531 11
359 675 45
360 101 22
360 638 4
360 76 15
360 146 32
361 498 30
361 293 23
361 72 38
361 333 3
362 346 0
362 207 40
362 500 40
362 537 43
363 324 47
363 688 12
363 15 35
363 539 -4
364 152 0
364 380 44
364 539 -6
364 538 -5
365 133 12
365 412 19
365 71 15
365 138 41
366 124 15
366 383 22
366 461 -2
366 231 39
367 585 -8
367 134 50
367 53 2
367 493 42
368 247 36
368 415 0
368 321 12
368 339 37
369 518 26
369 533 0
369 148 -5
369 613 24
370 490 -7
370 182 34
370 275 -7
370 180 10
371 253 -2
371 6 15
371 267 -6
371 140 39
372 75 21
372 463 -6
372 675 21
372 561 47
373 580 35
373 511 -6
373 379 50
373 297 47
374 350 39
374 89 46
374 397 18
374 656 23
375 250 39
375 369 4
375 589 40
375 540 23
376 292 -8
376 588 38
376 682 18
376 10 30
377 503 13
377 697 21
377 245 26
377 461 10
378 175 -8
378 11 -2
378 374 11
378 696 39
379 472 47
379 519 15
379 203 1
379 57 20
380 586 26
380 35 36
380 230 41
380 7 -8
381 514 -10
381 47 -10
381 230 42
381 192 50
382 707 25
382 166 27
382 701 28
382 47 30
383 658 7
383 246 48
383 417 -9
383 546 29
384 162 -8
384 364 49
384 386 39
384 424 -10
385 700 29
385 575 7
385 10 29
385 182 33
386 185 5
386 201 18
386 7 31
386 77 -4
387 425 47
387 254 42
387 719 -6
387 675 7
388 196 23
388 526 5
388 44 6
388 542 7
389 196 -1
389 603 8
389 101 -4
389 100 27
390 564 38
390 235 11
390 383 4
390 692 40
391 484 16
391 500 4
391 250 18
391 17 6
392 163 47
392 701 21
392 203 0
392 521 10
393 258 37
393 440 17
393 416 26
393 8 -9
394 310 -7
394 67 9
394 225 4
394 580 -7
395 674 13
395 49 42
395 698 -9
395 568 26
396 416 42
396 349 46
396 294 25
396 50 49
397 306 22
397 483 9
397 159 19
397 383 -7
398 636 25
398 268 1
398 295 31
398 509 37
399 165 1
399 446 8
399 292 43
399 299 -7
400 495 -4
400 136 21
400 434 22
400 476 27
401 648 5
401 625 -6
401 160 6
401 54 38
402 364 44
402 218 7
402 486 28
402 367 10
403 690 27
403 63 -8
403 533 50
403 636 -9
404 46 17
404 421 -3
404 586 17
404 232 29
405 66 -1
405 389 30
405 346 -9
405 190 -5
406 561 -7
406 138 -4
406 707 10
406 662 49
407 336 22
407 335 -10
407 285 0
407 55 5
408 73 13
408 412 12
408 317 -8
408 418 13
409 420 6
409 688 50
409 692 39
409 495 28
410 713 28
410 251 42
410 58 22
410 361 11
411 75 46
411 562 -6
411 364 50
411 723 12
412 233 26
412 516 9
412 536 35
412 615 22
413 265 27
413 80 -7
413 696 -2
413 504 27
414 358 40
414 575 35
414 119 49
414 132 24
415 579 48
415 335 40
415 399 45
415 174 29
416 298 -10
416 270 -2
416 516 10
416 293 -6
417 652 3
417 357 49
417 704 47
417 564 50
418 490 -10
418 583 22
418 637 3
418 443 22
419 387 19
419 611 4
419 204 27
419 115 22
420 606 8
420 617 49
420 271 49
420 565 50
421 671 -9
421 381 38
421 654 18
421 462 31
422 29 23
422 164 -6
422 264 9
422 247 29
423 254 14
423 666 5
423 153 0
423 334 -2
424 68 9
424 89 27
424 663 34
424 661 15
425 402 12
425 262 16
425 139 19
425 461 0
426 330 21
426 649 -10
426 92 46
426 640 20
427 112 48
427 127 50
427 176 20
427 391 -1
428 622 38
428 165 3
428 295 20
428 214 44
429 668 23
429 660 6
429 285 24
429 380 -2
430 658 30
430 209 15
430 369 31
430 713 47
431 6 1
431 148 43
431 261 40
431 368 33
432 671 12
432 259 47
432 434 7
432 693 41
433 703 -9
433 217 18
433 98 12
433 597 3
434 612 34
434 117 -8
434 155 2
434 454 22
435 279 35
435 149 -3
435 350 11
435 604 32
436 690 -5
436 201 8
436 419 36
436 557 29
437 376 29
437 366 -9
437 648 42
437 28 44
438 661 35
438 266 8
438 114 41
438 618 37
439 7 13
439 641 43
439 624 22
439 442 4
440 312 25
440 320 31
440 140 -5
440 283 46
441 673 28
441 288 43
441 17 44
441 685 -1
442 150 11
442 584 13
442 185 0
442 576 18
443 282 -10
443 44 7
443 552 46
443 681 -7
444 66 27
444 401 14
444 590 22
444 384 9
445 61 44
445 648 9
445 674 38
445 539 49
446 648 -3
446 340 29
446 499 30
446 169 32
447 40 8
447 334 4
447 537 -7
447 726 47
448 468 -7
448 279 22
448 27 8
448 600 -6
449 17 30
449 24 17
449 371 16
449 687 35
450 685 44
450 14 -2
450 554 18
450 387 17
451 700 23
451 169 24
451 210 33
451 606 0
452 453 11
452 198 35
452 572 10
452 300 16
453 76 9
453 474 12
453 637 39
453 678 9
454 286 34
454 222 47
454 485 38
454 694 9
455 628 5
455 652 2
455 525 23
455 33 -8
456 163 21
456 335 36
456 691 16
456 403 46
457 192 36
457 235 24
457 313 0
457 516 -9
458 416 -3
458 2 40
458 103 22
458 235 49
459 508 26
459 288 14
459 52 7
459 333 39
460 615 2
460 24 11
460 606 44
460 440 -4
461 239 15
461 39 15
461 615 -1
461 205 40
462 673 -4
462 632 0
462 541 40
462 99 31
463 418 1
463 661 43
463 207 32
463 105 -8
464 561 38
464 333 36
464 525 26
464 576 48
465 520 8
465 226 42
465 377 46
465 445 19
466 308 0
466 583 39
466 622 2
466 4 29
467 701 31
467 431 11
467 666 -3
467 598 5
468 695 39
468 43 31
468 195 10
468 151 26
469 499 6
469 134 19
469 422 27
469 269 -2
470 527 28
470 149 24
470 696 -10
470 227 32
471 672 -7
471 209 31
471 553 17
471 308 36
472 196 7
472 222 22
472 723 29
472 534 26
473 478 32
473 484 35
473 727 49
473 641 44
474 270 25
474 218 26
474 378 46
474 151 -9
475 445 37
475 294 22
475 234 20
475 241 15
476 533 31
476 612 16
476 663 5
476 543 37
477 69 20
477 727 14
477 341 36
477 655 3
478 59 40
478 109 25
478 146 27
478 202 -8
479 620 3
479 75 17
479 67 22
479 665 2
480 667 15
480 474 26
480 189 14
480 405 46
481 589 40
481 443 39
481 518 15
481 348 22
482 235 40
482 474 9
482 250 26
482 616 11
483 479 50
483 314 38
483 673 24
483 409 44
484 649 34
484 508 7
484 28 6
484 229 -2
485 391 -5
485 478 41
485 171 32
485 625 41
486 484 -10
486 89 43
486 205 1
486 546 -10
487 332 -9
487 480 -9
487 367 19
487 566 7
488 506 17
488 324 -7
488 505 5
488 450 34
489 270 30
489 548 -4
489 40 27
489 596 29
490 186 14
490 37 21
490 197 47
490 265 3
491 610 -5
491 286 -7
491 269 8
491 270 -8
492 261 33
492 135 13
492 526 50
492 147 1
493 567 34
493 240 16
493 262 15
493 341 38
494 157 10
494 110 14
494 63 30
494 217 15
495 608 41
495 39 -8
495 249 -9
495 595 50
496 52 15
496 125 24
496 238 43
496 599 22
497 427 24
497 332 35
497 197 -9
497 335 17
498 76 -7
498 60 39
498 430 9
498 332 8
499 362 10
499 335 31
499 691 43
499 470 -7
500 632 12
500 493 42
500 49 9
500 259 23
501 599 49
501 350 17
501 53 4
501 437 9
502 248 -1
502 292 -5
502 296 3
502 109 2
503 325 49
503 536 14
503 402 24
503 694 45
504 185 44
504 71 -1
504 176 3
504 656 45
505 337 16
505 461 47
505 93 38
505 657 -1
506 561 15
506 472 42
506 479 40
506 532 21
507 116 7
507 396 -7
507 689 11
507 303 6
508 389 -9
508 354 24
508 286 15
508 399 38
509 132 32
509 248 23
509 559 31
509 117 42
510 178 39
510 307 30
510 343 39
510 249 49
511 28 18
511 570 32
511 154 39
511 281 6
512 222 2
512 372 0
512 229 42
512 192 -5
513 651 2
513 671 4
513 707 49
513 270 23
514 29 39
514 242 39
514 471 50
514 576 1
515 45 22
515 294 13
515 430 43
515 61 -4
516 184 49
516 474 33
516 695 12
516 9 28
517 141 14
517 361 19
517 154 21
517 571 -10
518 239 21
518 62 10
518 649 32
518 406 36
519 657 -1
519 556 8
519 514 -4
519 522 46
520 515 19
520 340 11
520 541 48
520 331 32
521 501 -5
521 266 -6
521 604 47
521 584 34
522 77 17
522 133 27
522 208 30
522 644 44
523 407 -9
523 404 14
523 273 33
523 600 30
524 212 39
524 711 0
524 201 -2
524 267 5
525 609 41
525 221 42
525 714 47
525 93 10
526 31 15
526 154 4
526 74 11
526 489 24
527 97 44
527 190 38
527 471 28
527 693 10
528 214 11
528 289 46
528 175 -9
528 326 0
529 654 28
529 256 -4
529 486 32
529 6 25
530 36 -4
530 103 36
530 532 -5
530 641 24
531 30 31
531 330 40
531 133 30
531 294 18
532 517 22
532 281 31
532 58 -7
532 265 17
533 402 45
533 32 -9
533 684 12
533 526 -5
534 59 -7
534 677 0
534 367 33
534 683 45
535 73 -5
535 241 18
535 115 34
535 615 17
536 392 38
536 325 -8
536 513 -1
536 379 34
537 581 -3
537 197 0
537 708 19
537 34 50
538 74 18
538 347 29
538 716 -2
538 249 16
539 565 24
539 333 31
539 50 16
539 280 -4
540 344 24
540 277 39
540 345 37
540 381 4
541 477 -8
541 182 10
541 365 18
541 432 -9
542 428 -7
542 20 41
542 310 22
542 108 17
543 429 25
543 528 -2
543 380 45
543 167 31
544 461 41
544 511 46
544 260 16
544 96 48
545 24 45
545 236 31
545 448 35
545 651 30
546 654 7
546 436 46
546 411 25
546 120 32
547 462 34
547 362 36
547 228 24
547 601 11
548 640 8
548 667 49
548 482 23
548 276 33
549 11 -2
549 472 23
549 38 30
549 28 32
550 436 -9
550 199 15
550 616 1
550 603 20
551 342 4
551 690 25
551 292 39
551 628 32
552 551 22
552 251 32
552 291 0
552 122 11
553 603 11
553 635 42
553 122 27
553 441 22
554 353 -2
554 382 20
554 644 24
554 340 5
555 191 50
555 117 26
555 434 28
555 5 0
556 19 43
556 478 27
556 639 1
556 384 -7
557 25 6
557 425 7
557 232 40
557 239 17
558 614 17
558 491 3
558 92 19
558 86 11
559 550 13
559 213 2
559 642 5
559 554 -1
560 420 22
560 307 7
560 281 9
560 24 11
561 370 10
561 382 50
561 323 -10
561 500 12
562 594 16
562 575 31
562 371 14
562 230 41
563 87 37
563 327 18
563 313 10
563 665 32
564 244 4
564 139 27
564 60 23
564 329 -6
565 347 10
565 105 42
565 592 20
565 342 7
566 321 25
566 516 41
566 130 16
566 442 4
567 104 22
567 243 10
567 639 11
567 651 46
568 454 40
568 566 23
568 418 36
568 82 -7
569 75 48
569 298 33
569 347 26
569 210 -8
570 13 -1
570 453 16
570 617 50
570 365 43
571 324 -2
571 540 4
571 694 37
571 216 45
572 511 4
572 401 43
572 604 19
572 468 1
573 103 42
573 352 13
573 606 29
573 473 37
574 578 46
574 648 21
574 168 -1
574 46 37
575 688 35
575 664 48
575 110 45
575 680 27
576 353 47
576 58 29
576 38 32
576 163 -2
577 693 35
577 458 2
577 259 41
577 487 33
578 481 -7
578 345 25
578 713 -3
578 318 7
579 527 36
579 571 1
579 578 28
579 318 13
580 220 14
580 9 46
580 714 3
580 242 28
581 570 49
581 1 17
581 314 30
581 408 10
582 307 6
582 62 -4
582 717 27
582 233 8
583 169 15
583 65 27
583 435 23
583 503 -5
584 362 24
584 596 -6
584 565 -4
584 636 0
585 207 22
585 376 23
585 304 -4
585 205 3
586 517 -10
586 96 44
586 367 21
586 50 32
587 602 5
587 460 24
587 337 5
587 542 6
588 260 43
588 70 12
588 652 32
588 218 28
589 705 22
589 295 34
589 542 1
589 717 -6
590 613 -9
590 483 37
590 57 16
590 423 17
591 390 22
591 369 6
591 287 29
591 557 37
592 330 8
592 694 23
592 24 23
592 245 40
593 539 24
593 386 -3
593 159 44
593 78 31
594 540 29
594 276 7
594 438 48
594 95 17
595 628 27
595 697 4
595 44 33
595 165 25
596 308 35
596 22 20
596 221 46
596 637 47
597 504 12
597 314 29
597 410 -8
597 488 2
598 407 5
598 409 35
598 719 38
598 110 4
599 385 20
599 496 23
599 182 11
599 478 38
600 529 45
600 110 7
600 591 22
600 173 23
601 582 -9
601 5 31
601 357 25
601 674 31
602 504 39
602 637 -5
602 256 36
602 468 8
603 683 31
603 29 40
603 483 0
603 686 37
604 631 34
604 198 39
604 53 10
604 445 -6
605 326 -5
605 366 -1
605 635 13
605 359 39
606 500 25
606 410 8
606 707 -9
606 160 -5
607 706 -9
607 591 -3
607 264 16
607 148 14
608 576 28
608 556 17
608 33 2
608 459 49
609 157 34
609 719 22
609 563 27
609 606 49
610 75 -5
610 435 16
610 223 46
610 210 46
611 518 30
611 115 38
611 42 6
611 226 43
612 679 7
612 151 46
612 160 -3
612 197 3
613 126 19
613 140 30
613 703 22
613 572 40
614 663 40
614 430 -3
614 470 0
614 586 2
615 436 46
615 661 -10
615 430 43
615 650 21
616 483 30
616 695 50
616 129 12
616 51 36
617 363 25
617 382 45
617 172 41
617 352 2
618 299 -6
618 62 23
618 617 22
618 229 11
619 181 10
619 313 1
619 235 1
619 307 -1
620 695 19
620 720 4
620 519 25
620 598 50
621 268 9
621 154 37
621 234 10
621 531 31
622 534 38
622 139 0
622 670 40
622 580 10
623 595 16
623 290 7
623 620 10
623 631 16
624 619 11
624 470 35
624 21 42
624 222 47
625 478 35
625 327 3
625 118 14
625 233 36
626 229 6
626 189 29
626 614 2
626 304 23
627 17 3
627 19 28
627 278 37
627 238 49
628 61 39
628 491 14
628 443 49
628 396 4
629 709 31
629 19 14
629 542 35
629 593 9
630 232 45
630 558 22
630 335 48
630 347 -5
631 563 10
631 233 19
631 560 49
631 601 5
632 66 32
632 526 19
632 41 30
632 147 27
633 285 19
633 3 20
633 641 47
633 305 14
634 683 -10
634 189 38
634 687 5
634 336 38
635 303 20
635 507 46
635 269 27
635 488 -2
636 452 23
636 616 0
636 117 0
636 217 -9
637 511 -10
637 315 49
637 421 13
637 677 36
638 585 42
638 483 -10
638 98 46
638 96 -3
639 219 47
639 236 8
639 117 38
639 502 5
640 501 3
640 519 36
640 241 -9
640 418 26
641 447 13
641 250 19
641 522 4
641 210 32
642 111 17
642 378 11
642 312 5
642 661 12
643 484 1
643 234 -7
643 11 0
643 582 28
644 444 34
644 200 28
644 463 7
644 154 29
645 140 26
645 391 39
645 42 -3
645 55 -2
646 566 2
646 196 -3
646 697 -8
646 387 2
647 178 3
647 233 23
647 321 44
647 482 22
648 276 39
648 475 6
648 51 6
648 4 15
649 356 37
649 199 19
649 351 45
649 490 48
650 32 12
650 593 -5
650 608 -7
650 97 13
651 677 45
651 157 26
651 212 -6
651 132 -2
652 38 -5
652 464 47
652 220 25
652 314 36
653 609 31
653 51 25
653 719 -2
653 208 4
654 519 48
654 336 16
654 332 -8
654 722 -6
655 209 -8
655 566 -7
655 248 21
655 24 26
656 186 7
656 71 29
656 168 5
656 671 0
657 665 25
657 182 22
657 137 -4
657 30 48
658 483 43
658 448 1
658 373 33
658 549 3
659 299 12
659 6 23
659 185 22
659 197 -3
660 404 10
660 409 5
660 322 1
660 648 7
661 340 16
661 521 47
661 621 11
661 701 -7
662 89 -4
662 457 6
662 585 28
662 664 47
663 573 -3
663 569 -1
663 581 10
663 678 25
664 23 46
664 380 39
664 313 -10
664 365 -10
665 418 7
665 644 6
665 527 -9
665 615 47
666 32 41
666 42 49
666 533 28
666 351 30
667 405 31
667 491 48
667 585 46
667 138 30
668 156 28
668 623 -5
668 469 22
668 644 46
669 112 -4
669 376 46
669 292 10
669 727 14
670 503 17
670 481 7
670 522 48
670 632 29
671 685 45
671 494 -5
671 125 15
671 384 33
672 72 18
672 402 -3
672 97 13
672 663 38
673 578 -10
673 532 8
673 206 46
673 389 41
674 308 47
674 215 39
674 254 11
674 280 -6
675 602 9
675 654 35
675 392 9
675 194 9
676 661 46
676 721 -8
676 112 37
676 669 19
677 367 28
677 483 17
677 470 34
677 639 28
678 322 28
678 445 0
678 283 36
678 657 4
679 446 -9
679 271 43
679 349 -8
679 617 12
680 355 1
680 270 26
680 285 29
680 274 4
681 45 36
681 703 0
681 567 30
681 234 22
682 629 49
682 396 -1
682 386 10
682 378 46
683 236 34
683 625 35
683 612 22
683 549 9
684 531 -4
684 506 -4
684 646 17
684 425 28
685 481 40
685 164 43
685 618 45
685 316 -4
686 604 5
686 592 -4
686 392 37
686 724 7
687 168 10
687 271 18
687 453 26
687 545 39
688 413 19
688 239 35
688 144 34
688 396 43
689 39 44
689 640 11
689 115 21
689 55 23
690 648 8
690 638 3
690 544 44
690 555 4
691 364 44
691 655 12
691 102 30
691 267 24
692 632 40
692 51 0
692 158 -5
692 467 20
693 9 40
693 656 2
693 304 -2
693 670 5
694 282 19
694 338 -7
694 371 21
694 426 7
695 690 14
695 526 1
695 715 7
695 188 -10
696 308 37
696 522 47
696 448 31
696 101 32
697 407 3
697 234 18
697 580 19
697 131 14
698 421 19
698 9 40
698 118 -10
698 135 20
699 583 7
699 646 1
699 31 23
699 567 1
700 632 9
700 39 5
700 529 31
700 607 45
701 636 40
701 294 1
701 180 -4
701 356 -5
702 83 9
702 165 7
702 415 4
702 647 45
703 309 -8
703 153 -10
703 497 1
703 89 43
704 449 34
704 266 16
704 594 36
704 397 -8
705 315 32
705 204 0
705 568 17
705 267 -10
706 36 -3
706 352 12
706 681 11
706 201 30
707 529 8
707 212 20
707 418 34
707 254 41
708 420 7
708 52 2
708 66 31
708 637 49
709 649 14
709 494 8
709 194 12
709 144 50
710 727 16
710 78 47
710 187 13
710 155 6
711 281 44
711 497 6
711 703 37
711 38 50
712 722 3
712 67 3
712 557 -10
712 133 36
713 580 21
713 486 -6
713 347 -5
713 236 11
714 147 19
714 407 -1
714 540 17
714 360 -9
715 210 2
715 163 21
715 311 -4
715 573 26
716 530 7
716 155 18
716 397 6
716 276 31
717 57 -10
717 634 24
717 66 24
717 242 -3
718 545 -9
718 372 22
718 82 21
718 240 -1
719 394 10
719 326 44
719 718 36
719 493 19
720 682 19
720 363 9
720 17 14
720 476 30
721 357 32
721 429 46
721 459 47
721 218 6
722 690 47
722 715 4
722 219 24
722 639 -5
723 82 43
723 236 45
723 417 45
723 345 42
724 568 17
724 30 33
724 334 -3
724 296 6
725 14 42
725 657 -4
725 502 40
725 562 1
726 565 45
726 623 -7
726 563 -3
726 728 35
727 177 29
727 210 43
727 472 44
727 457 44
728 512 6
728 630 11
728 322 0
728 578 3
729 351 34
729 187 32
729 43 30
729 33 11
