81
2
1 21 32
1 6 48
2 75 18
2 16 46
3 56 36
3 59 41
4 69 5
4 71 16
5 53 -7
5 74 38
6 67 47
6 78 0
7 19 23
7 65 18
8 15 23
8 59 15
9 58 19
9 80 50
10 11 35
10 70 25
11 44 -6
11 22 6
12 2 1
12 48 -8
13 80 23
13 27 18
14 5 19
14 40 -2
15 62 44
15 57 19
16 69 39
16 24 0
17 69 25
17 59 45
18 58 0
18 78 11
19 61 -4
19 42 22
20 78 15
20 68 20
21 31 2
21 45 8
22 64 -8
22 7 45
23 45 -4
23 17 24
24 59 -8
24 63 29
25 9 -7
25 16 50
26 8 27
26 36 12
27 15 43
27 35 45
28 60 -6
28 80 -8
29 34 2
29 33 36
30 27 30
30 56 6
31 75 -9
31 45 -4
32 70 13
32 58 -2
33 8 27
33 27 38
34 29 29
34 51 37
35 12 1
35 21 13
36 6 37
36 41 -1
37 47 44
37 39 31
38 16 26
38 23 0
39 23 18
39 69 20
40 69 0
40 28 5
41 36 -4
41 17 48
42 41 27
42 67 3
43 81 35
43 39 -5
44 12 -3
44 58 19
45 80 22
45 70 12
46 16 9
46 56 28
47 40 2
47 54 24
48 66 39
48 81 9
49 75 13
49 26 7
50 33 38
50 57 48
51 53 6
51 41 24
52 79 -1
52 19 46
53 78 19
53 35 -1
54 66 48
54 60 23
55 51 18
55 49 3
56 28 18
56 38 33
57 29 32
57 52 39
58 43 30
58 34 47
59 4 28
59 39 35
60 67 36
60 20 38
61 65 -4
61 22 6
62 45 50
62 53 36
63 60 33
63 15 35
64 11 1
64 38 34
65 59 -5
65 9 15
66 31 -8
66 57 -10
67 15 1
67 49 34
68 52 -8
68 46 38
69 66 23
69 47 2
70 79 34
70 42 44
71 51 -7
71 55 10
72 69 48
72 50 -3
73 44 -10
73 77 35
74 47 -4
74 58 10
75 78 31
75 1 26
76 71 5
76 77 0
77 20 12
77 71 18
78 60 27
78 58 41
79 21 7
79 52 14
80 10 50
80 47 22
81 18 18
81 28 -4
