243
3
1 182 -1
1 186 3
1 215 1
2 222 -1
2 56 13
2 37 17
3 57 24
3 31 -7
3 97 -4
4 128 50
4 223 10
4 119 9
5 241 7
5 174 41
5 13 28
6 22 -5
6 88 -2
6 82 29
7 68 7
7 117 43
7 203 46
8 143 -2
8 221 -7
8 60 19
9 20 -10
9 203 28
9 198 35
10 237 49
10 60 41
10 148 -5
11 116 40
11 67 3
11 134 14
12 237 29
12 199 2
12 75 24
13 40 -1
13 62 44
13 91 32
14 28 10
14 74 21
14 136 32
15 61 10
15 123 35
15 229 19
16 124 -3
16 185 41
16 101 45
17 21 50
17 64 22
17 73 2
18 51 -2
18 12 47
18 195 4
19 146 4
19 9 38
19 145 33
20 65 37
20 30 9
20 13 41
21 25 -4
21 165 4
21 3 -6
22 86 24
22 177 43
22 47 17
23 24 16
23 231 30
23 133 30
24 115 0
24 19 30
24 230 -8
25 165 16
25 228 39
25 66 49
26 77 27
26 127 40
26 37 -8
27 62 24
27 219 7
27 210 -7
28 116 5
28 9 13
28 136 35
29 212 14
29 114 46
29 100 38
30 218 47
30 184 7
30 240 3
31 202 48
31 100 46
31 230 -10
32 197 -6
32 212 45
32 116 15
33 106 43
33 210 -8
33 110 26
34 30 36
34 207 -8
34 153 20
35 238 45
35 193 15
35 134 25
36 200 31
36 134 42
36 183 30
37 202 -7
37 60 -6
37 215 24
38 128 48
38 110 49
38 194 -10
39 237 23
39 196 10
39 179 35
40 189 44
40 124 32
40 104 35
41 144 -7
41 139 26
41 131 2
42 217 47
42 126 22
42 49 9
43 173 20
43 149 37
43 5 0
44 112 17
44 196 50
44 53 -4
45 85 34
45 92 0
45 187 -9
46 26 9
46 149 38
46 42 16
47 141 18
47 233 21
47 82 37
48 46 46
48 165 29
48 37 20
49 130 1
49 71 47
49 60 -8
50 218 11
50 123 36
50 238 3
51 188 35
51 127 10
51 46 12
52 149 24
52 237 12
52 209 32
53 213 46
53 152 34
53 38 47
54 230 34
54 7 8
54 49 27
55 147 4
55 146 -7
55 18 24
56 50 29
56 63 -9
56 20 12
57 187 29
57 37 -1
57 25 -9
58 64 -7
58 172 23
58 78 19
59 88 15
59 144 3
59 207 3
60 22 22
60 20 17
60 158 19
61 117 42
61 235 45
61 41 41
62 79 23
62 171 27
62 111 5
63 53 29
63 20 4
63 186 39
64 222 9
64 73 38
64 87 39
65 149 44
65 237 32
65 139 0
66 86 7
66 149 3
66 8 34
67 226 50
67 106 38
67 164 -10
68 205 23
68 83 22
68 209 28
69 208 2
69 157 22
69 129 32
70 143 27
70 227 29
70 146 39
71 154 24
71 123 47
71 21 -2
72 110 43
72 189 20
72 228 18
73 206 -5
73 166 21
73 176 9
74 125 14
74 14 33
74 60 27
75 19 23
75 207 0
75 157 20
76 73 4
76 112 11
76 12 -2
77 82 35
77 194 40
77 5 32
78 72 -7
78 155 50
78 138 -4
79 28 29
79 134 8
79 172 7
80 117 30
80 147 26
80 113 3
81 86 8
81 48 5
81 170 33
82 128 37
82 33 17
82 63 46
83 211 37
83 12 37
83 232 27
84 30 49
84 187 4
84 75 47
85 31 48
85 114 8
85 209 -3
86 125 8
86 10 33
86 35 27
87 43 5
87 113 16
87 32 44
88 218 50
88 1 20
88 49 1
89 202 -4
89 189 11
89 147 18
90 30 -8
90 128 0
90 71 37
91 187 -4
91 166 32
91 66 49
92 7 33
92 22 23
92 66 -7
93 242 7
93 62 2
93 91 40
94 34 1
94 209 13
94 163 41
95 181 11
95 224 -9
95 125 -8
96 141 14
96 148 20
96 210 46
97 166 13
97 163 19
97 19 45
98 241 45
98 25 2
98 82 29
99 45 38
99 188 -2
99 167 15
100 50 41
100 158 44
100 49 18
101 156 3
101 37 7
101 3 43
102 153 11
102 84 15
102 108 46
103 29 -8
103 231 22
103 186 49
104 141 11
104 212 8
104 153 9
105 238 15
105 182 48
105 232 -4
106 179 23
106 61 45
106 14 18
107 38 26
107 84 49
107 122 -7
108 74 30
108 147 25
108 232 35
109 50 31
109 20 36
109 58 30
110 190 -10
110 123 21
110 184 -10
111 212 41
111 235 43
111 191 10
112 97 9
112 168 7
112 217 1
113 206 10
113 60 0
113 61 21
114 133 47
114 161 43
114 18 24
115 211 22
115 10 5
115 30 18
116 176 16
116 235 25
116 181 3
117 172 43
117 103 49
117 32 48
118 33 -9
118 215 35
118 125 33
119 42 40
119 136 40
119 76 37
120 81 6
120 208 18
120 5 21
121 11 10
121 168 17
121 124 6
122 105 -4
122 237 31
122 22 30
123 114 21
123 225 43
123 199 8
124 65 25
124 56 37
124 229 34
125 83 0
125 138 -6
125 186 25
126 24 -1
126 77 5
126 66 31
127 142 13
127 132 25
127 238 41
128 123 14
128 139 26
128 106 27
129 84 5
129 155 7
129 62 34
130 177 49
130 151 -3
130 99 0
131 68 11
131 139 40
131 180 47
132 161 38
132 90 7
132 21 0
133 95 3
133 116 42
133 16 17
134 111 46
134 182 -8
134 82 18
135 110 12
135 14 2
135 70 37
136 168 22
136 150 48
136 99 -5
137 167 17
137 152 34
137 150 8
138 79 9
138 170 21
138 1 34
139 108 23
139 137 31
139 27 3
140 153 6
140 23 20
140 12 45
141 207 26
141 184 38
141 104 22
142 15 -7
142 2 41
142 34 43
143 237 37
143 201 -10
143 127 11
144 81 -6
144 11 26
144 224 13
145 189 39
145 136 47
145 198 39
146 2 43
146 240 3
146 33 42
147 42 45
147 173 18
147 10 12
148 179 -5
148 214 31
148 81 35
149 194 38
149 65 4
149 190 50
150 9 23
150 226 -3
150 176 40
151 148 28
151 74 -2
151 66 23
152 98 44
152 40 11
152 202 6
153 131 -3
153 77 7
153 38 20
154 68 46
154 178 50
154 79 6
155 158 2
155 95 14
155 19 44
156 20 37
156 228 -5
156 136 32
157 70 26
157 98 23
157 8 26
158 77 27
158 213 40
158 212 -6
159 18 17
159 148 34
159 25 6
160 192 6
160 147 21
160 221 6
161 9 44
161 49 6
161 11 36
162 32 34
162 231 -4
162 243 44
163 124 29
163 210 11
163 81 46
164 50 31
164 172 -5
164 181 10
165 2 50
165 243 28
165 11 44
166 5 16
166 130 44
166 183 21
167 66 -4
167 239 30
167 165 8
168 16 43
168 214 19
168 22 4
169 242 24
169 48 40
169 38 28
170 200 -1
170 83 40
170 13 -9
171 168 -1
171 129 -6
171 214 -8
172 202 40
172 98 20
172 103 -2
173 217 8
173 12 38
173 171 21
174 152 48
174 70 43
174 162 -2
175 125 10
175 7 30
175 190 36
176 145 33
176 235 44
176 36 50
177 209 45
177 35 24
177 83 -6
178 58 46
178 6 32
178 205 45
179 143 18
179 82 18
179 176 11
180 54 41
180 228 9
180 80 6
181 216 7
181 123 8
181 100 10
182 219 29
182 169 8
182 108 13
183 105 49
183 20 -2
183 71 -4
184 204 7
184 143 35
184 202 13
185 54 37
185 224 29
185 175 -8
186 60 -3
186 53 1
186 45 15
187 102 5
187 28 40
187 71 -2
188 221 11
188 94 9
188 25 4
189 228 44
189 144 28
189 74 49
190 229 30
190 214 20
190 198 -3
191 145 36
191 45 -2
191 30 38
192 72 35
192 23 35
192 89 3
193 31 9
193 41 10
193 135 40
194 186 7
194 159 30
194 95 -9
195 23 16
195 113 0
195 129 -8
196 178 -9
196 68 47
196 95 46
197 79 38
197 34 6
197 183 30
198 9 12
198 46 36
198 70 35
199 216 -2
199 28 -7
199 20 48
200 37 9
200 38 15
200 157 48
201 56 22
201 28 39
201 68 44
202 216 28
202 74 -4
202 215 19
203 77 38
203 18 24
203 51 16
204 23 -7
204 176 34
204 231 41
205 163 -10
205 56 40
205 10 -8
206 124 3
206 138 18
206 136 12
207 227 46
207 200 17
207 236 9
208 112 5
208 218 24
208 11 1
209 138 -8
209 33 2
209 143 4
210 146 6
210 122 36
210 83 40
211 158 16
211 96 6
211 236 -3
212 103 -4
212 134 4
212 82 -2
213 12 36
213 195 18
213 65 21
214 39 24
214 134 -2
214 47 6
215 203 19
215 49 23
215 202 39
216 235 11
216 27 -5
216 132 8
217 179 27
217 55 25
217 227 -8
218 213 0
218 142 22
218 173 30
219 110 24
219 32 27
219 60 -10
220 117 16
220 131 6
220 203 38
221 51 44
221 207 17
221 163 42
222 51 15
222 214 1
222 226 27
223 215 9
223 154 -4
223 167 44
224 206 22
224 111 -6
224 22 -2
225 175 -5
225 231 36
225 75 27
226 85 23
226 24 50
226 71 -10
227 236 30
227 9 0
227 117 -9
228 109 18
228 197 35
228 155 26
229 128 -5
229 174 -8
229 176 47
230 243 16
230 54 -10
230 143 27
231 9 34
231 38 -4
231 16 34
232 204 15
232 202 35
232 90 19
233 130 0
233 154 37
233 207 16
234 53 5
234 30 23
234 168 41
235 85 48
235 122 34
235 118 33
236 174 -4
236 7 13
236 47 28
237 134 21
237 222 49
237 214 -3
238 51 17
238 116 24
238 148 -1
239 85 5
239 218 42
239 192 45
240 64 41
240 222 3
240 102 -5
241 5 37
241 84 20
241 137 4
242 33 11
242 125 0
242 120 11
243 55 10
243 90 11
243 136 28
