(1 0)
(1,4,13,10,2 35)
(1,4,13,16,21,5,3 14)
(1,4 0)
(1,4,13,16,21,5 19)
(1,4,13,16,6 36)
(1,4,13,16,6,7 38)
(1,24,14,12,8 72)
(1,4,9 21)
(1,4,13,10 21)
(1-/->11),Not Connected
(1,24,14,12 51)
(1,4,13 7)
(1,24,14 32)
(1,4,13,16,21,5,3,17,15 54)
(1,4,13,16 18)
(1,4,13,16,21,5,3,17 13)
(1-/->18),Not Connected
(1,4,13,16,21,5,19 27)
(1-/->20),Not Connected
(1,4,13,16,21 12)
(1,4,13,10,2,22 65)
(1,24,14,23 60)
(1,24 39)
(1,24,14,12,25 75)
(1,24,14,23,26 109)
(1,4,9,27 22)
(2-/->1),Not Connected
(2 0)
(2,27,13,16,21,5,3 48)
(2,22,24,4 57)
(2,27,13,16,21,5 53)
(2,27,13,16,6 70)
(2,27,13,16,6,7 72)
(2,22,24,14,12,8 80)
(2,22,24,4,9 78)
(2,27,10 49)
(2,22,24,14,12,25,20,11 128)
(2,22,24,14,12 59)
(2,27,13 41)
(2,22,24,14 40)
(2,27,13,16,21,5,3,17,15 44)
(2,27,13,16 52)
(2,27,13,16,21,5,3,17 47)
(2-/->18),Not Connected
(2,27,13,16,21,5,3,17,15,19 53)
(2,22,24,14,12,25,20 130)
(2,27,13,16,21 46)
(2,22 30)
(2,22,24,14,23 68)
(2,22,24 47)
(2,22,24,14,12,25 83)
(2,22,24,14,23,26 117)
(2,27 22)
(3-/->1),Not Connected
(3,17,2 -1)
(3 0)
(3-/->4),Not Connected
(3,5 6)
(3-/->6),Not Connected
(3-/->7),Not Connected
(3-/->8),Not Connected
(3-/->9),Not Connected
(3,17,2,27,10 48)
(3-/->11),Not Connected
(3-/->12),Not Connected
(3,17,2,27,13 40)
(3-/->14),Not Connected
(3,17,15 -4)
(3-/->16),Not Connected
(3,17 -1)
(3-/->18),Not Connected
(3,17,15,19 5)
(3-/->20),Not Connected
(3,17,15,19,21 27)
(3,17,2,22 29)
(3-/->23),Not Connected
(3-/->24),Not Connected
(3-/->25),Not Connected
(3-/->26),Not Connected
(3,17,2,27 21)
(4-/->1),Not Connected
(4,13,10,2 35)
(4,13,16,21,5,3 14)
(4 0)
(4,13,16,21,5 19)
(4,13,16,6 36)
(4,13,16,6,7 38)
(4-/->8),Not Connected
(4,9 21)
(4,13,10 21)
(4-/->11),Not Connected
(4-/->12),Not Connected
(4,13 7)
(4-/->14),Not Connected
(4,13,16,21,5,3,17,15 54)
(4,13,16 18)
(4,13,16,21,5,3,17 13)
(4-/->18),Not Connected
(4,13,16,21,5,19 27)
(4-/->20),Not Connected
(4,13,16,21 12)
(4,13,10,2,22 65)
(4-/->23),Not Connected
(4-/->24),Not Connected
(4-/->25),Not Connected
(4-/->26),Not Connected
(4,9,27 22)
(5-/->1),Not Connected
(5,3,17,2 -6)
(5,3 -5)
(5-/->4),Not Connected
(5 0)
(5-/->6),Not Connected
(5-/->7),Not Connected
(5-/->8),Not Connected
(5-/->9),Not Connected
(5,3,17,2,27,10 43)
(5-/->11),Not Connected
(5-/->12),Not Connected
(5,3,17,2,27,13 35)
(5-/->14),Not Connected
(5,3,17,15 -9)
(5,3,17,15,19,21,16 52)
(5,3,17 -6)
(5-/->18),Not Connected
(5,3,17,15,19 0)
(5-/->20),Not Connected
(5,3,17,15,19,21 22)
(5,3,17,2,22 24)
(5-/->23),Not Connected
(5-/->24),Not Connected
(5-/->25),Not Connected
(5-/->26),Not Connected
(5,3,17,2,27 16)
(6-/->1),Not Connected
(6,2 30)
(6,7,10,3 56)
(6,2,22,24,4 87)
(6,7,10,3,5 62)
(6 0)
(6,7 2)
(6,7,12,8 16)
(6,2,22,24,4,9 108)
(6,7,10 25)
(6,7,12,25,20,11 64)
(6,7,12 -5)
(6,2,27,13 71)
(6,2,22,24,14 70)
(6,7,10,3,17,15 89)
(6,2,27,13,16 82)
(6,7,10,3,17 55)
(6-/->18),Not Connected
(6,7,12,25,19 62)
(6,7,12,25,20 66)
(6,7,12,25,20,11,21 66)
(6,2,22 60)
(6,2,22,24,14,23 98)
(6,2,22,24 77)
(6,7,12,25 19)
(6,2,22,24,14,23,26 147)
(6,2,27 52)
(7-/->1),Not Connected
(7,10,2 37)
(7,10,3 54)
(7,10,2,22,24,4 94)
(7,10,3,5 60)
(7,12,8,6 18)
(7 0)
(7,12,8 14)
(7,10,2,22,24,4,9 115)
(7,10 23)
(7,12,25,20,11 62)
(7,12 -7)
(7,10,2,27,13 78)
(7,10,2,22,24,14 77)
(7,10,3,17,15 87)
(7,10,2,27,13,16 89)
(7,10,3,17 53)
(7-/->18),Not Connected
(7,12,25,19 60)
(7,12,25,20 64)
(7,12,25,20,11,21 64)
(7,10,2,22 67)
(7,10,2,22,24,14,23 105)
(7,10,2,22,24 84)
(7,12,25 17)
(7,10,2,22,24,14,23,26 154)
(7,10,2,27 59)
(8-/->1),Not Connected
(8,6,2 34)
(8,6,7,10,3 60)
(8,6,2,22,24,4 91)
(8,6,7,10,3,5 66)
(8,6 4)
(8,6,7 6)
(8 0)
(8-/->9),Not Connected
(8,6,7,10 29)
(8,6,7,12,25,20,11 68)
(8,6,7,12 -1)
(8,6,2,27,13 75)
(8,6,2,22,24,14 74)
(8,6,7,10,3,17,15 93)
(8,6,7,12,25,20,11,21,16 118)
(8,6,7,10,3,17 59)
(8-/->18),Not Connected
(8,6,7,12,25,19 66)
(8,6,7,12,25,20 70)
(8,6,7,12,25,20,11,21 70)
(8,6,2,22 64)
(8-/->23),Not Connected
(8,6,2,22,24 81)
(8,6,7,12,25 23)
(8-/->26),Not Connected
(8,6,2,27 56)
(9-/->1),Not Connected
(9,27,10,2 42)
(9,27,13,16,21,5,3 27)
(9,4 16)
(9,27,13,16,21,5 32)
(9,27,13,16,6 49)
(9,27,13,16,6,7 51)
(9-/->8),Not Connected
(9 0)
(9,27,10 28)
(9-/->11),Not Connected
(9-/->12),Not Connected
(9,27,13 20)
(9-/->14),Not Connected
(9,27,13,16,21,5,3,17,15 55)
(9,27,13,16 31)
(9,27,13,16,21,5,3,17 58)
(9-/->18),Not Connected
(9,27,13,16,21,5,19 40)
(9-/->20),Not Connected
(9,27,13,16,21 25)
(9,27,10,2,22 72)
(9-/->23),Not Connected
(9-/->24),Not Connected
(9-/->25),Not Connected
(9-/->26),Not Connected
(9,27 1)
(10-/->1),Not Connected
(10,2 14)
(10,3 31)
(10-/->4),Not Connected
(10,3,5 37)
(10,3,17,15,19,21,16,6 106)
(10,3,17,15,19,21,16,6,7 108)
(10,3,17,15,19,21,16,6,7,12,8 122)
(10-/->9),Not Connected
(10 0)
(10,3,17,15,19,21,16,6,7,12,25,20,11 170)
(10,3,17,15,19,21,16,6,7,12 101)
(10-/->13),Not Connected
(10-/->14),Not Connected
(10,3,17,15 27)
(10,3,17,15,19,21,16 88)
(10,3,17 30)
(10-/->18),Not Connected
(10,3,17,15,19 36)
(10,3,17,15,19,21,16,6,7,12,25,20 172)
(10,3,17,15,19,21 58)
(10,2,22 44)
(10-/->23),Not Connected
(10-/->24),Not Connected
(10,3,17,15,19,21,16,6,7,12,25 125)
(10-/->26),Not Connected
(10,2,27 36)
(11-/->1),Not Connected
(11,21,5,3,17,2 3)
(11,21,5,3 4)
(11,21,5,3,17,2,22,24,4 96)
(11,21,5 9)
(11,21,16,6 50)
(11,21,16,6,7 52)
(11,21,16,6,7,12,8 66)
(11,21,5,3,17,2,22,24,4,9 117)
(11,21,16,6,7,10 75)
(11 0)
(11,21,16,6,7,12 45)
(11,21,5,3,17,2,27,13 80)
(11,21,5,3,17,2,22,24,14 79)
(11,21,5,3,17,15 0)
(11,21,16 32)
(11,21,5,3,17 3)
(11-/->18),Not Connected
(11,21,5,3,17,15,19 9)
(11,21,16,6,7,12,25,20 116)
(11,21 2)
(11,21,5,3,17,2,22 69)
(11,21,5,3,17,2,22,24,14,23 107)
(11,21,5,3,17,2,22,24 86)
(11,21,16,6,7,12,25 69)
(11,21,5,3,17,2,22,24,14,23,26 156)
(11,21,5,3,17,2,27 61)
(12-/->1),Not Connected
(12,8,6,2 55)
(12,25,20,11,21,5,3 73)
(12-/->4),Not Connected
(12,25,20,11,21,5 78)
(12,8,6 25)
(12,8,6,7 27)
(12,8 21)
(12-/->9),Not Connected
(12,8,6,7,10 50)
(12,25,20,11 69)
(12 0)
(12,8,6,2,27,13 96)
(12-/->14),Not Connected
(12,25,20,11,21,5,3,17,15 94)
(12,25,20,11,21,16 101)
(12,25,20,11,21,5,3,17 72)
(12-/->18),Not Connected
(12,25,19 67)
(12,25,20 71)
(12,25,20,11,21 71)
(12,8,6,2,22 85)
(12-/->23),Not Connected
(12,8,6,2,22,24 102)
(12,25 24)
(12-/->26),Not Connected
(12,8,6,2,27 77)
(13-/->1),Not Connected
(13,10,2 28)
(13,16,21,5,3 7)
(13-/->4),Not Connected
(13,16,21,5 12)
(13,16,6 29)
(13,16,6,7 31)
(13-/->8),Not Connected
(13-/->9),Not Connected
(13,10 14)
(13-/->11),Not Connected
(13-/->12),Not Connected
(13 0)
(13-/->14),Not Connected
(13,16,21,5,3,17,15 47)
(13,16 11)
(13,16,21,5,3,17 6)
(13-/->18),Not Connected
(13,16,21,5,19 20)
(13-/->20),Not Connected
(13,16,21 5)
(13,10,2,22 58)
(13-/->23),Not Connected
(13-/->24),Not Connected
(13-/->25),Not Connected
(13-/->26),Not Connected
(13,10,2,27 50)
(14-/->1),Not Connected
(14,23,2 58)
(14,12,25,20,11,21,5,3 92)
(14,23,2,22,24,4 115)
(14,12,25,20,11,21,5 97)
(14,12,8,6 44)
(14,12,8,6,7 46)
(14,12,8 40)
(14,23,2,22,24,4,9 136)
(14,12,8,6,7,10 69)
(14,12,25,20,11 88)
(14,12 19)
(14,23,2,27,13 99)
(14 0)
(14,23,26,17,15 92)
(14,23,2,27,13,16 110)
(14,23,26,17 95)
(14-/->18),Not Connected
(14,12,25,19 86)
(14,12,25,20 90)
(14,12,25,20,11,21 90)
(14,23,2,22 88)
(14,23 28)
(14,23,2,22,24 105)
(14,12,25 43)
(14,23,26 77)
(14,23,2,27 80)
(15-/->1),Not Connected
(15,19,21,5,3,17,2 39)
(15,19,21,5,3 33)
(15-/->4),Not Connected
(15,19,21,5 38)
(15,19,21,16,6 79)
(15,19,21,16,6,7 81)
(15,19,21,16,6,7,12,8 95)
(15-/->9),Not Connected
(15,19,21,5,3,17,2,27,10 88)
(15-/->11),Not Connected
(15,19,21,16,6,7,12 74)
(15,19,21,5,3,17,2,27,13 80)
(15-/->14),Not Connected
(15 0)
(15,19,21,16 61)
(15,19,21,5,3,17 32)
(15-/->18),Not Connected
(15,19 9)
(15,19,21,16,6,7,12,25,20 145)
(15,19,21 31)
(15,19,21,5,3,17,2,22 69)
(15-/->23),Not Connected
(15-/->24),Not Connected
(15,19,21,16,6,7,12,25 98)
(15-/->26),Not Connected
(15,19,21,5,3,17,2,27 61)
(16-/->1),Not Connected
(16,21,5,3,17,2 39)
(16,21,5,3 -4)
(16,21,5,3,17,2,22,24,4 96)
(16,21,5 1)
(16,6 18)
(16,6,7 20)
(16,6,7,12,8 34)
(16,21,5,3,17,2,22,24,4,9 117)
(16,6,7,10 43)
(16,6,7,12,25,20,11 82)
(16,6,7,12 13)
(16,21,5,3,17,2,27,13 80)
(16,21,5,3,17,2,22,24,14 79)
(16,21,5,3,17,15 36)
(16 0)
(16,21,5,3,17 -5)
(16-/->18),Not Connected
(16,21,5,19 9)
(16,6,7,12,25,20 84)
(16,21 -6)
(16,21,5,3,17,2,22 69)
(16-/->23),Not Connected
(16,21,5,3,17,2,22,24 86)
(16,6,7,12,25 37)
(16-/->26),Not Connected
(16,21,5,3,17,2,27 61)
(17-/->1),Not Connected
(17,2 0)
(17-/->3),Not Connected
(17-/->4),Not Connected
(17-/->5),Not Connected
(17-/->6),Not Connected
(17-/->7),Not Connected
(17-/->8),Not Connected
(17-/->9),Not Connected
(17-/->10),Not Connected
(17-/->11),Not Connected
(17-/->12),Not Connected
(17-/->13),Not Connected
(17-/->14),Not Connected
(17,15 -3)
(17-/->16),Not Connected
(17 0)
(17-/->18),Not Connected
(17,15,19 6)
(17-/->20),Not Connected
(17,15,19,21 28)
(17,2,22 30)
(17-/->23),Not Connected
(17-/->24),Not Connected
(17-/->25),Not Connected
(17-/->26),Not Connected
(17,2,27 22)
(18-/->1),Not Connected
(18,16,21,5,3,17,2 5)
(18,16,21,5,3 6)
(18,16,21,5,3,17,2,22,24,4 62)
(18,16,21,5 11)
(18,16,6 28)
(18,16,6,7 30)
(18,16,6,7,12,8 44)
(18,16,21,5,3,17,2,22,24,4,9 83)
(18,16,6,7,10 53)
(18,16,6,7,12,25,20,11 92)
(18,16,6,7,12 23)
(18,16,21,5,3,17,2,27,13 46)
(18,16,21,5,3,17,2,22,24,14 45)
(18,16,21,5,3,17,15 2)
(18,16 10)
(18,16,21,5,3,17 5)
(18 0)
(18,16,21,5,3,17,15,19 11)
(18,16,6,7,12,25,20 94)
(18,16,21 4)
(18,16,21,5,3,17,2,22 35)
(18-/->23),Not Connected
(18,16,21,5,3,17,2,22,24 52)
(18,16,6,7,12,25 47)
(18-/->26),Not Connected
(18,16,21,5,3,17,2,27 27)
(19-/->1),Not Connected
(19,21,5,3,17,2 30)
(19,21,5,3 24)
(19-/->4),Not Connected
(19,21,5 29)
(19,21,16,6 70)
(19,21,16,6,7 72)
(19,21,16,6,7,12,8 86)
(19-/->9),Not Connected
(19,21,5,3,17,2,27,10 79)
(19-/->11),Not Connected
(19,21,16,6,7,12 65)
(19,21,5,3,17,2,27,13 71)
(19-/->14),Not Connected
(19,21,5,3,17,15 27)
(19,21,16 52)
(19,21,5,3,17 23)
(19-/->18),Not Connected
(19 0)
(19,21,16,6,7,12,25,20 136)
(19,21 22)
(19,21,5,3,17,2,22 60)
(19-/->23),Not Connected
(19-/->24),Not Connected
(19,21,16,6,7,12,25 89)
(19-/->26),Not Connected
(19,21,5,3,17,2,27 52)
(20-/->1),Not Connected
(20,11,21,5,3,17,2 35)
(20,11,21,5,3 2)
(20,11,21,5,3,17,2,22,24,4 92)
(20,11,21,5 7)
(20,11,21,16,6 48)
(20,11,21,16,6,7 50)
(20,11,21,16,6,7,12,8 64)
(20,11,21,5,3,17,2,22,24,4,9 113)
(20,11,21,16,6,7,10 73)
(20,11 -2)
(20,11,21,16,6,7,12 43)
(20,11,21,5,3,17,2,27,13 76)
(20,11,21,5,3,17,2,22,24,14 75)
(20,11,21,5,3,17,15 32)
(20,11,21,16 30)
(20,11,21,5,3,17 1)
(20-/->18),Not Connected
(20,19 5)
(20 0)
(20,11,21 0)
(20,11,21,5,3,17,2,22 65)
(20-/->23),Not Connected
(20,11,21,5,3,17,2,22,24 82)
(20,11,21,16,6,7,12,25 67)
(20-/->26),Not Connected
(20,11,21,5,3,17,2,27 57)
(21-/->1),Not Connected
(21,5,3,17,2 1)
(21,5,3 2)
(21,5,3,17,2,22,24,4 135)
(21,5 7)
(21,16,6 48)
(21,16,6,7 50)
(21,16,6,7,12,8 64)
(21,5,3,17,2,22,24,4,9 156)
(21,16,6,7,10 73)
(21,16,6,7,12,25,20,11 112)
(21,16,6,7,12 43)
(21,5,3,17,2,27,13 119)
(21,5,3,17,2,22,24,14 118)
(21,5,3,17,15 -2)
(21,16 30)
(21,5,3,17 1)
(21-/->18),Not Connected
(21,5,3,17,15,19 7)
(21,16,6,7,12,25,20 114)
(21 0)
(21,5,3,17,2,22 108)
(21,5,3,17,2,22,24,14,23 146)
(21,5,3,17,2,22,24 125)
(21,16,6,7,12,25 67)
(21,5,3,17,2,22,24,14,23,26 195)
(21,5,3,17,2,27 100)
(22-/->1),Not Connected
(22,2 26)
(22,24,4,13,16,21,5,3 41)
(22,24,4 27)
(22,24,4,13,16,21,5 46)
(22,24,14,12,8,6 54)
(22,24,14,12,8,6,7 56)
(22,24,14,12,8 50)
(22,24,4,9 48)
(22,24,4,13,10 48)
(22,24,14,12,25,20,11 98)
(22,24,14,12 29)
(22,24,4,13 34)
(22,24,14 10)
(22,24,4,13,16,21,5,3,17,15 75)
(22,24,4,13,16 45)
(22,24,4,13,16,21,5,3,17 78)
(22-/->18),Not Connected
(22,24,4,13,16,21,5,19 54)
(22,24,14,12,25,20 100)
(22,24,4,13,16,21 39)
(22 0)
(22,24,14,23 38)
(22,24 17)
(22,24,14,12,25 53)
(22,24,14,23,26 87)
(22,2,27 48)
(23-/->1),Not Connected
(23,2 30)
(23-/->3),Not Connected
(23-/->4),Not Connected
(23,26,17,15,19,21,5 102)
(23,26,6 88)
(23,26,6,7 90)
(23-/->8),Not Connected
(23-/->9),Not Connected
(23,2,27,10 79)
(23-/->11),Not Connected
(23-/->12),Not Connected
(23,2,27,13 71)
(23-/->14),Not Connected
(23,26,17,15 64)
(23,2,27,13,16 82)
(23,26,17 67)
(23-/->18),Not Connected
(23,26,17,15,19 73)
(23-/->20),Not Connected
(23,26,17,15,19,21 95)
(23,2,22 60)
(23 0)
(23-/->24),Not Connected
(23-/->25),Not Connected
(23,26 49)
(23,2,27 52)
(24-/->1),Not Connected
(24,4,13,10,2 45)
(24,4,13,16,21,5,3 24)
(24,4 10)
(24,4,13,16,21,5 29)
(24,14,12,8,6 37)
(24,14,12,8,6,7 48)
(24,14,12,8 33)
(24,4,9 31)
(24,4,13,10 31)
(24,14,12,25,20,11 81)
(24,14,12 12)
(24,4,13 17)
(24,14 -7)
(24,4,13,16,21,5,3,17,15 58)
(24,4,13,16 28)
(24,4,13,16,21,5,3,17 61)
(24-/->18),Not Connected
(24,4,13,16,21,5,19 37)
(24,14,12,25,20 83)
(24,4,13,16,21 22)
(24,4,13,10,2,22 75)
(24,14,23 21)
(24 0)
(24,14,12,25 36)
(24,14,23,26 70)
(24,4,9,27 32)
(25-/->1),Not Connected
(25,20,11,21,5,3,17,2 73)
(25,20,11,21,5,3 49)
(25,20,11,21,5,3,17,2,22,24,4 130)
(25,20,11,21,5 54)
(25,20,11,21,16,6 95)
(25,20,11,21,16,6,7 97)
(25-/->8),Not Connected
(25-/->9),Not Connected
(25,20,11,21,5,3,17,2,27,10 122)
(25,20,11 45)
(25-/->12),Not Connected
(25,20,11,21,5,3,17,2,27,13 114)
(25,20,11,21,5,3,17,2,22,24,14 113)
(25,20,11,21,5,3,17,15 70)
(25,20,11,21,16 77)
(25,20,11,21,5,3,17 48)
(25-/->18),Not Connected
(25,19 43)
(25,20 47)
(25,20,11,21 47)
(25,20,11,21,5,3,17,2,22 103)
(25-/->23),Not Connected
(25,20,11,21,5,3,17,2,22,24 120)
(25 0)
(25-/->26),Not Connected
(25,20,11,21,5,3,17,2,27 95)
(26-/->1),Not Connected
(26,17,2 18)
(26-/->3),Not Connected
(26-/->4),Not Connected
(26-/->5),Not Connected
(26,6 39)
(26,6,7 41)
(26-/->8),Not Connected
(26-/->9),Not Connected
(26,17,2,27,10 67)
(26-/->11),Not Connected
(26-/->12),Not Connected
(26,17,2,27,13 59)
(26-/->14),Not Connected
(26,17,15 15)
(26-/->16),Not Connected
(26,17 18)
(26-/->18),Not Connected
(26,17,15,19 24)
(26-/->20),Not Connected
(26,17,15,19,21 46)
(26,17,2,22 48)
(26-/->23),Not Connected
(26-/->24),Not Connected
(26-/->25),Not Connected
(26 0)
(26,17,2,27 40)
(27-/->1),Not Connected
(27,10,2 41)
(27,13,16,21,5,3 26)
(27,10,2,22,24,4 98)
(27,13,16,21,5 31)
(27,13,16,6 48)
(27,13,16,6,7 50)
(27-/->8),Not Connected
(27-/->9),Not Connected
(27,10 27)
(27-/->11),Not Connected
(27-/->12),Not Connected
(27,13 19)
(27,10,2,22,24,14 81)
(27,13,16,21,5,3,17,15 66)
(27,13,16 30)
(27,13,16,21,5,3,17 25)
(27-/->18),Not Connected
(27,13,16,21,5,19 39)
(27-/->20),Not Connected
(27,13,16,21 24)
(27,10,2,22 71)
(27-/->23),Not Connected
(27,10,2,22,24 88)
(27-/->25),Not Connected
(27-/->26),Not Connected
(27 0)
